# File generated by CMD 3.9 (http://stev.oapd.inaf.it/cmd) on Mon May 11 23:29:04 UTC 2026
# isochrones based on PARSEC release v1.2S +  COLIBRI S_37 + S_35 + PR16
# Basic references: Bressan et al. (2012), MNRAS, 427, 127 + Chen et al. (2014, 2015), MNRAS, 444, 2525 + MNRAS, 452, 1068 + Tang et al. (2014), MNRAS, 445, 4287 + Marigo et al. (2017), ApJ, 835, 77 + Pastorelli al. (2019), MNRAS, 485, 5666 + Pastorelli al. (2020), MNRAS, in press
# Thermal pulse cycles included 
# On RGB, assumed Reimers mass loss with efficiency eta=0.2
# LPV periods and growth rates added cf. Trabucchi et al. (2019)
# but fundamental-mode LPV periods + transition are from Trabucchi et al. (2021)
# Photometric system: <i>UBVRIJHK</i> (cf. Maiz-Apellaniz 2006 + Bessell 1990)
# Using YBC version of bolometric corrections as in Chen et al. (2019)
# O-rich circumstellar dpmod60alox40 dust from Groenewegen (2006)
# C-rich circumstellar AMCSIC15 dust from Groenewegen (2006)
# IMF: Kroupa (2001, 2002) + Kroupa et al. (2013) canonical two-part-power law IMF corrected for unresolved binaries 
# Kind of output: isochrone tables
# Zini     MH   logAge Mini        int_IMF         Mass   logL    logTe  logg  label   McoreTP C_O  period0  period1  period2  period3  period4  pmode  Mloss  tau1m   X   Y   Xc  Xn  Xo  Cexcess  Z 	 mbolmag  Umag    Bmag    Vmag    Rmag    Imag    Jmag    Hmag    Kmag
0.0152 0.01508 9.69897 0.0900000036 1.0816895926    0.090 -3.424  3.3623  5.217    1  0.000  0.545     0.00     0.00     0.00     0.00     0.00 -1 -3.89e-17      0.00 7.086e-01 2.761e-01 2.746e-03 7.408e-04 6.719e-03 -1.000 1.527e-02 13.330 22.606 19.983 18.145 15.992 13.742 11.239 10.624 10.335
0.0152 0.01508 9.69897 0.1000000015 1.1711064122    0.100 -3.241  3.3881  5.184    1  0.000  0.545     0.00     0.00     0.00     0.00     0.00 -1 -5.84e-17      0.00 7.084e-01 2.763e-01 2.746e-03 7.408e-04 6.719e-03 -1.000 1.527e-02 12.874 22.087 19.499 17.671 15.530 13.285 10.784 10.170 9.877
0.0152 0.01508 9.69897 0.1157373935 1.2905555194    0.116 -3.029  3.4160  5.147    1  0.000  0.545     0.00     0.00     0.00     0.00     0.00 -1 -9.23e-17      0.00 7.081e-01 2.766e-01 2.746e-03 7.408e-04 6.719e-03 -1.000 1.527e-02 12.343 21.457 18.918 17.103 14.981 12.748 10.256 9.644 9.346
0.0152 0.01508 9.69897 0.1200000122 1.3193155232    0.120 -2.977  3.4229  5.138    1  0.000  0.545     0.00     0.00     0.00     0.00     0.00 -1 -1.03e-16      0.00 7.080e-01 2.767e-01 2.746e-03 7.408e-04 6.719e-03 -1.000 1.527e-02 12.212 21.025 18.585 16.790 14.734 12.546 10.137 9.524 9.225
0.0152 0.01508 9.69897 0.1400000006 1.4384526719    0.140 -2.793  3.4432  5.102    1  0.000  0.545     0.00     0.00     0.00     0.00     0.00 -1 -1.52e-16      0.00 7.076e-01 2.771e-01 2.746e-03 7.408e-04 6.719e-03 -1.000 1.527e-02 11.753 19.475 17.366 15.659 13.841 11.824 9.726 9.111 8.811
0.0152 0.01508 9.69897 0.1556702703 1.5173085265    0.156 -2.681  3.4540  5.079    1  0.000  0.545     0.00     0.00     0.00     0.00     0.00 -1 -1.92e-16      0.00 7.074e-01 2.774e-01 2.746e-03 7.408e-04 6.719e-03 -1.000 1.527e-02 11.473 18.674 16.714 15.048 13.346 11.423 9.472 8.855 8.557
0.0152 0.01508 9.69897 0.1599999964 1.5372931554    0.160 -2.652  3.4567  5.073    1  0.000  0.545     0.00     0.00     0.00     0.00     0.00 -1 -2.04e-16      0.00 7.073e-01 2.774e-01 2.746e-03 7.408e-04 6.719e-03 -1.000 1.527e-02 11.401 18.470 16.548 14.889 13.218 11.321 9.407 8.789 8.492
0.0152 0.01508 9.69897 0.2000000030 1.6938790862    0.200 -2.436  3.4755  5.029    1  0.000  0.545     0.00     0.00     0.00     0.00     0.00 -1 -3.16e-16      0.00 7.067e-01 2.781e-01 2.746e-03 7.408e-04 6.719e-03 -1.000 1.527e-02 10.859 17.136 15.429 13.829 12.340 10.609 8.910 8.291 8.002
0.0152 0.01508 9.69897 0.2500000000 1.8403257998    0.250 -2.229  3.4919  4.985    1  0.000  0.545     0.00     0.00     0.00     0.00     0.00 -1 -4.77e-16      0.00 7.061e-01 2.787e-01 2.746e-03 7.408e-04 6.719e-03 -1.000 1.527e-02 10.343 16.029 14.470 12.904 11.548 9.973 8.435 7.813 7.535
0.0152 0.01508 9.69897 0.3000000119 1.9529139769    0.300 -2.067  3.5027  4.945    1  0.000  0.545     0.00     0.00     0.00     0.00     0.00 -1 -4.88e-16      0.00 7.058e-01 2.790e-01 2.746e-03 7.408e-04 6.719e-03 -1.000 1.527e-02 9.938 15.299 13.817 12.284 11.001 9.508 8.056 7.431 7.162
0.0152 0.01508 9.69897 0.3050968945 1.9630099060    0.305 -2.051  3.5036  4.939    1  0.000  0.545     0.00     0.00     0.00     0.00     0.00 -1 -5.22e-16      0.00 7.062e-01 2.785e-01 2.746e-03 7.408e-04 6.719e-03 -1.000 1.527e-02 9.897 15.230 13.754 12.225 10.948 9.462 8.016 7.391 7.123
0.0152 0.01508 9.69897 0.3500000238 2.0434175133    0.350 -1.912  3.5113  4.891    1  0.000  0.545     0.00     0.00     0.00     0.00     0.00 -1 -9.31e-16      0.00 7.090e-01 2.757e-01 2.746e-03 7.408e-04 6.719e-03 -1.000 1.527e-02 9.551 14.668 13.244 11.740 10.510 9.080 7.688 7.059 6.798
0.0152 0.01508 9.69897 0.3710074127 2.0765636506    0.371 -1.850  3.5161  4.874    1  0.000  0.545     0.00     0.00     0.00     0.00     0.00 -1 -1.07e-15      0.00 7.091e-01 2.757e-01 2.746e-03 7.408e-04 6.719e-03 -1.000 1.527e-02 9.394 14.396 12.993 11.502 10.298 8.903 7.543 6.912 6.655
0.0152 0.01508 9.69897 0.4000000358 2.1185024810    0.400 -1.769  3.5224  4.850    1  0.000  0.545     0.00     0.00     0.00     0.00     0.00 -1 -1.27e-15      0.00 7.091e-01 2.756e-01 2.746e-03 7.408e-04 6.719e-03 -1.000 1.527e-02 9.192 14.054 12.675 11.199 10.027 8.676 7.356 6.721 6.469
0.0152 0.01508 9.69897 0.4500000477 2.1822809714    0.450 -1.620  3.5345  4.801    1  0.000  0.545     0.00     0.00     0.00     0.00     0.00 -1 -1.79e-15      0.00 7.092e-01 2.755e-01 2.746e-03 7.408e-04 6.719e-03 -1.000 1.527e-02 8.820 13.448 12.100 10.652 9.534 8.262 7.014 6.369 6.127
0.0152 0.01508 9.69897 0.5000000000 2.2374541529    0.500 -1.464  3.5494  4.751    1  0.000  0.545     0.00     0.00     0.00     0.00     0.00 -1 -2.57e-15      0.00 7.092e-01 2.755e-01 2.746e-03 7.408e-04 6.719e-03 -1.000 1.527e-02 8.430 12.829 11.492 10.071 9.010 7.831 6.662 6.006 5.775
0.0152 0.01508 9.69897 0.5251870155 2.2619933302    0.525 -1.378  3.5593  4.725    1  0.000  0.545     0.00     0.00     0.00     0.00     0.00 -1 -3.15e-15      0.00 7.149e-01 2.701e-01 2.695e-03 7.272e-04 6.596e-03 -1.000 1.500e-02 8.214 12.485 11.144 9.734 8.704 7.592 6.473 5.810 5.587
0.0152 0.01508 9.69897 0.5500000119 2.2836582633    0.550 -1.296  3.5686  4.701    1  0.000  0.545     0.00     0.00     0.00     0.00     0.00 -1 -3.82e-15      0.00 7.209e-01 2.644e-01 2.642e-03 7.129e-04 6.467e-03 -1.000 1.470e-02 8.011 12.171 10.819 9.417 8.415 7.369 6.295 5.625 5.411
0.0152 0.01508 9.69897 0.6000000238 2.3211213258    0.600 -1.129  3.5924  4.667    1  0.000  0.545     0.00     0.00     0.00     0.00     0.00 -1 -5.59e-15      0.00 7.226e-01 2.627e-01 2.627e-03 7.090e-04 6.432e-03 -1.000 1.467e-02 7.593 11.502 10.119 8.747 7.804 6.917 5.941 5.252 5.070
0.0152 0.01508 9.69897 0.6499999762 2.3520353107    0.650 -0.960  3.6210  4.647    1  0.000  0.545     0.00     0.00     0.00     0.00     0.00 -1  -8.1e-15      0.00 7.243e-01 2.612e-01 2.614e-03 7.054e-04 6.399e-03 -1.000 1.458e-02 7.171 10.790 9.368 8.072 7.197 6.469 5.585 4.893 4.756
0.0152 0.01508 9.69897 0.7000000477 2.3779267258    0.700 -0.798  3.6504  4.635    1  0.000  0.545     0.00     0.00     0.00     0.00     0.00 -1 -1.15e-14      0.00 7.258e-01 2.597e-01 2.601e-03 7.021e-04 6.370e-03 -1.000 1.446e-02 6.764 9.909 8.575 7.406 6.621 6.044 5.255 4.602 4.504
0.0152 0.01508 9.69897 0.7287081480 2.3909600409    0.729 -0.707  3.6673  4.629    1  0.000  0.540     0.00     0.00     0.00     0.00     0.00 -1  -1.4e-14      0.00 7.268e-01 2.588e-01 2.573e-03 6.994e-04 6.351e-03 -1.000 1.442e-02 6.537 9.293 8.123 7.040 6.321 5.806 5.077 4.475 4.389
0.0152 0.01508 9.69897 0.7500000000 2.3998889087    0.750 -0.641  3.6793  4.624    1  0.000  0.537     0.00     0.00     0.00     0.00     0.00 -1 -1.61e-14      0.00 7.275e-01 2.581e-01 2.553e-03 6.975e-04 6.338e-03 -1.000 1.442e-02 6.373 8.846 7.810 6.786 6.117 5.635 4.951 4.390 4.309
0.0152 0.01508 9.69897 0.7916934490 2.4157843659    0.791 -0.521  3.6976  4.600    1  0.000  0.537     0.00     0.00     0.00     0.00     0.00 -1 -2.13e-14      0.00 7.295e-01 2.562e-01 2.537e-03 6.930e-04 6.299e-03 -1.000 1.433e-02 6.072 8.164 7.315 6.373 5.773 5.331 4.709 4.203 4.131
0.0152 0.01508 9.69897 0.8000000119 2.4187244405    0.800 -0.497  3.7012  4.595    1  0.000  0.537     0.00     0.00     0.00     0.00     0.00 -1 -2.25e-14      0.00 7.299e-01 2.558e-01 2.534e-03 6.922e-04 6.291e-03 -1.000 1.432e-02 6.013 8.032 7.221 6.295 5.707 5.273 4.662 4.167 4.097
0.0152 0.01508 9.69897 0.8059350848 2.4207824998    0.806 -0.480  3.7036  4.591    1  0.000  0.537     0.00     0.00     0.00     0.00     0.00 -1 -2.34e-14      0.00 7.302e-01 2.555e-01 2.531e-03 6.914e-04 6.284e-03 -1.000 1.430e-02 5.971 7.943 7.156 6.240 5.661 5.231 4.629 4.141 4.072
0.0152 0.01508 9.69897 0.8437652588 2.4331219093    0.843 -0.374  3.7190  4.566    1  0.000  0.537     0.00     0.00     0.00     0.00     0.00 -1    -3e-14      0.00 7.323e-01 2.535e-01 2.513e-03 6.869e-04 6.242e-03 -1.000 1.422e-02 5.705 7.387 6.756 5.902 5.373 4.971 4.419 3.975 3.912
0.0152 0.01508 9.69897 0.8500000238 2.4350346840    0.849 -0.357  3.7214  4.562    1  0.000  0.537     0.00     0.00     0.00     0.00     0.00 -1 -3.13e-14      0.00 7.327e-01 2.531e-01 2.510e-03 6.861e-04 6.235e-03 -1.000 1.421e-02 5.662 7.300 6.693 5.848 5.327 4.930 4.385 3.947 3.886
0.0152 0.01508 9.69897 0.8597930670 2.4379747984    0.859 -0.330  3.7251  4.554    1  0.000  0.537     0.00     0.00     0.00     0.00     0.00 -1 -3.34e-14      0.00 7.334e-01 2.525e-01 2.505e-03 6.846e-04 6.222e-03 -1.000 1.417e-02 5.594 7.169 6.598 5.767 5.256 4.864 4.331 3.903 3.843
0.0152 0.01508 9.69897 0.8928137422 2.4473440603    0.892 -0.239  3.7371  4.528    1  0.000  0.537     0.00     0.00     0.00     0.00     0.00 -1 -4.17e-14      0.00 7.357e-01 2.503e-01 2.486e-03 6.794e-04 6.176e-03 -1.000 1.402e-02 5.368 6.740 6.280 5.497 5.019 4.648 4.151 3.755 3.699
0.0152 0.01508 9.69897 0.9000000358 2.4492786175    0.899 -0.219  3.7396  4.522    1  0.000  0.537     0.00     0.00     0.00     0.00     0.00 -1 -4.37e-14      0.00 7.362e-01 2.498e-01 2.481e-03 6.783e-04 6.166e-03 -1.000 1.401e-02 5.319 6.649 6.212 5.439 4.969 4.601 4.113 3.722 3.668
0.0152 0.01508 9.69897 0.9022125006 2.4498670845    0.901 -0.213  3.7403  4.520    1  0.000  0.537     0.00     0.00     0.00     0.00     0.00 -1 -4.44e-14      0.00 7.364e-01 2.496e-01 2.480e-03 6.778e-04 6.162e-03 -1.000 1.400e-02 5.304 6.621 6.192 5.421 4.953 4.587 4.101 3.712 3.658
0.0152 0.01508 9.69897 0.9209694862 2.4547256813    0.920 -0.162  3.7465  4.502    1  0.000  0.536     0.00     0.00     0.00     0.00     0.00 -1 -5.05e-14      0.00 7.381e-01 2.480e-01 2.466e-03 6.741e-04 6.128e-03 -1.000 1.393e-02 5.175 6.382 6.019 5.275 4.825 4.469 4.000 3.626 3.575
0.0152 0.01508 9.69897 0.9385551214 2.4590786092    0.938 -0.114  3.7520  4.484    1  0.000  0.536     0.00     0.00     0.00     0.00     0.00 -1  -5.7e-14      0.00 7.397e-01 2.464e-01 2.452e-03 6.705e-04 6.096e-03 -1.000 1.386e-02 5.056 6.169 5.862 5.140 4.706 4.359 3.905 3.544 3.495
0.0152 0.01508 9.69897 0.9500000477 2.4618122009    0.949 -0.083  3.7555  4.473    1  0.000  0.536     0.00     0.00     0.00     0.00     0.00 -1 -6.17e-14      0.00 7.408e-01 2.454e-01 2.443e-03 6.681e-04 6.075e-03 -1.000 1.381e-02 4.978 6.037 5.761 5.054 4.630 4.287 3.843 3.489 3.443
0.0152 0.01508 9.69897 0.9550313950 2.4629901103    0.954 -0.069  3.7569  4.467    1  0.000  0.536     0.00     0.00     0.00     0.00     0.00 -1 -6.39e-14      0.00 7.414e-01 2.448e-01 2.439e-03 6.668e-04 6.063e-03 -1.000 1.378e-02 4.943 5.980 5.718 5.016 4.596 4.255 3.815 3.465 3.419
0.0152 0.01508 9.69897 0.9704095125 2.4665034285    0.970 -0.027  3.7612  4.449    1  0.000  0.536     0.00     0.00     0.00     0.00     0.00 -1 -7.14e-14      0.00 7.433e-01 2.430e-01 2.423e-03 6.626e-04 6.025e-03 -1.000 1.373e-02 4.838 5.811 5.585 4.901 4.492 4.158 3.730 3.389 3.345
0.0152 0.01508 9.69897 0.9849632978 2.4697124831    0.985  0.012  3.7651  4.431    1  0.000  0.536     0.00     0.00     0.00     0.00     0.00 -1 -7.92e-14      0.00 7.452e-01 2.412e-01 2.408e-03 6.584e-04 5.988e-03 -1.000 1.365e-02 4.739 5.657 5.461 4.794 4.395 4.067 3.649 3.317 3.275
0.0152 0.01508 9.69897 0.9993436933 2.4727779598    0.999  0.052  3.7688  4.413    1  0.000  0.536     0.00     0.00     0.00     0.00     0.00 -1 -8.79e-14      0.00 7.471e-01 2.393e-01 2.392e-03 6.541e-04 5.949e-03 -1.000 1.357e-02 4.641 5.508 5.339 4.689 4.299 3.977 3.569 3.245 3.204
0.0152 0.01508 9.69897 1.0000000000 2.4729154477    1.000  0.054  3.7690  4.412    1  0.000  0.536     0.00     0.00     0.00     0.00     0.00 -1 -8.83e-14      0.00 7.472e-01 2.392e-01 2.391e-03 6.539e-04 5.948e-03 -1.000 1.357e-02 4.636 5.501 5.334 4.684 4.294 3.973 3.565 3.241 3.201
0.0152 0.01508 9.69897 1.0143657923 2.4758737194    1.014  0.093  3.7723  4.392    1  0.000  0.536     0.00     0.00     0.00     0.00     0.00 -1 -9.62e-14      0.00 7.498e-01 2.368e-01 2.370e-03 6.483e-04 5.897e-03 -1.000 1.344e-02 4.537 5.358 5.214 4.579 4.198 3.883 3.483 3.167 3.128
0.0152 0.01508 9.69897 1.0282471180 2.4786421081    1.028  0.131  3.7754  4.372    1  0.000  0.536     0.00     0.00     0.00     0.00     0.00 -1 -1.05e-13      0.00 7.524e-01 2.343e-01 2.348e-03 6.425e-04 5.845e-03 -1.000 1.331e-02 4.442 5.223 5.099 4.478 4.105 3.795 3.404 3.093 3.056
0.0152 0.01508 9.69897 1.0418342352 2.4812698255    1.041  0.169  3.7782  4.351    1  0.000  0.536     0.00     0.00     0.00     0.00     0.00 -1 -1.14e-13      0.00 7.551e-01 2.318e-01 2.327e-03 6.366e-04 5.793e-03 -1.000 1.316e-02 4.348 5.093 4.988 4.380 4.014 3.708 3.324 3.020 2.984
0.0152 0.01508 9.69897 1.0499999523 2.4828114860    1.049  0.191  3.7798  4.339    1  0.000  0.535     0.00     0.00     0.00     0.00     0.00 -1  -1.2e-13      0.00 7.567e-01 2.302e-01 2.313e-03 6.330e-04 5.760e-03 -1.000 1.312e-02 4.292 5.017 4.922 4.321 3.959 3.656 3.276 2.976 2.940
0.0152 0.01508 9.69897 1.0551607609 2.4837716903    1.054  0.205  3.7807  4.330    1  0.000  0.535     0.00     0.00     0.00     0.00     0.00 -1 -1.23e-13      0.00 7.580e-01 2.289e-01 2.302e-03 6.299e-04 5.733e-03 -1.000 1.306e-02 4.257 4.972 4.881 4.284 3.924 3.623 3.245 2.947 2.912
0.0152 0.01508 9.69897 1.0680423975 2.4861219152    1.067  0.240  3.7827  4.309    1  0.000  0.535     0.00     0.00     0.00     0.00     0.00 -1 -1.33e-13      0.00 7.616e-01 2.255e-01 2.273e-03 6.222e-04 5.663e-03 -1.000 1.294e-02 4.170 4.863 4.782 4.194 3.840 3.541 3.169 2.874 2.840
0.0152 0.01508 9.69897 1.0804783106 2.4883297870    1.079  0.273  3.7843  4.288    1  0.000  0.535     0.00     0.00     0.00     0.00     0.00 -1 -1.44e-13      0.00 7.651e-01 2.222e-01 2.245e-03 6.147e-04 5.596e-03 -1.000 1.277e-02 4.089 4.766 4.692 4.111 3.760 3.465 3.096 2.805 2.771
0.0152 0.01508 9.69897 1.0919895172 2.4903220298    1.091  0.302  3.7855  4.268    1  0.000  0.535     0.00     0.00     0.00     0.00     0.00 -1 -1.54e-13      0.00 7.682e-01 2.192e-01 2.220e-03 6.080e-04 5.536e-03 -1.000 1.262e-02 4.015 4.680 4.611 4.036 3.688 3.394 3.028 2.739 2.706
0.0152 0.01508 9.69897 1.1000000238 2.4916801480    1.099  0.324  3.7864  4.252    1  0.000  0.535     0.00     0.00     0.00     0.00     0.00 -1 -1.62e-13      0.00 7.702e-01 2.173e-01 2.205e-03 6.038e-04 5.498e-03 -1.000 1.253e-02 3.959 4.616 4.551 3.979 3.633 3.341 2.977 2.690 2.657
0.0152 0.01508 9.69897 1.1087067127 2.4931307315    1.107  0.349  3.7873  4.235    1  0.000  0.534     0.00     0.00     0.00     0.00     0.00 -1 -1.71e-13      0.00 7.709e-01 2.166e-01 2.201e-03 6.032e-04 5.492e-03 -1.000 1.250e-02 3.898 4.545 4.484 3.917 3.573 3.282 2.921 2.636 2.603
0.0152 0.01508 9.69897 1.1243004799 2.4956642803    1.123  0.395  3.7889  4.201    1  0.000  0.534     0.00     0.00     0.00     0.00     0.00 -1 -1.91e-13      0.00 7.699e-01 2.175e-01 2.214e-03 6.072e-04 5.526e-03 -1.000 1.258e-02 3.783 4.414 4.359 3.799 3.459 3.171 2.813 2.532 2.500
0.0152 0.01508 9.69897 1.1260888577 2.4959496881    1.125  0.400  3.7891  4.197    1  0.000  0.534     0.00     0.00     0.00     0.00     0.00 -1 -1.94e-13      0.00 7.698e-01 2.176e-01 2.216e-03 6.078e-04 5.531e-03 -1.000 1.259e-02 3.769 4.399 4.344 3.785 3.446 3.158 2.801 2.520 2.488
0.0152 0.01508 9.69897 1.1373211145 2.4977186719    1.136  0.435  3.7899  4.170    1  0.000  0.534     0.00     0.00     0.00     0.00     0.00 -1 -2.11e-13      0.00 7.688e-01 2.185e-01 2.227e-03 6.111e-04 5.559e-03 -1.000 1.267e-02 3.683 4.305 4.253 3.698 3.361 3.074 2.719 2.440 2.408
0.0152 0.01508 9.69897 1.1499999762 2.4996678137    1.149  0.475  3.7903  4.137    1  0.000  0.534     0.00     0.00     0.00     0.00     0.00 -1 -2.34e-13      0.00 7.680e-01 2.192e-01 2.237e-03 6.143e-04 5.586e-03 -1.000 1.273e-02 3.583 4.202 4.150 3.597 3.262 2.976 2.621 2.343 2.312
0.0152 0.01508 9.69897 1.1502453089 2.4997050421    1.149  0.475  3.7903  4.136    1  0.000  0.534     0.00     0.00     0.00     0.00     0.00 -1 -2.34e-13      0.00 7.680e-01 2.193e-01 2.237e-03 6.143e-04 5.587e-03 -1.000 1.273e-02 3.582 4.200 4.148 3.596 3.260 2.974 2.619 2.342 2.310
0.0152 0.01508 9.69897 1.1577252150 2.5008313861    1.156  0.500  3.7898  4.112    1  0.000  0.534     0.00     0.00     0.00     0.00     0.00 -1 -2.51e-13      0.00 7.672e-01 2.200e-01 2.248e-03 6.168e-04 5.614e-03 -1.000 1.278e-02 3.519 4.143 4.087 3.533 3.197 2.910 2.555 2.276 2.244
0.0152 0.01508 9.69897 1.1626678705 2.5015665259    1.161  0.521  3.7894  4.092    1  0.000  0.534     0.00     0.00     0.00     0.00     0.00 -1 -2.66e-13      0.00 7.663e-01 2.208e-01 2.258e-03 6.193e-04 5.640e-03 -1.000 1.286e-02 3.468 4.095 4.037 3.482 3.145 2.858 2.501 2.222 2.190
0.0152 0.01508 9.69897 1.1643576622 2.5018162092    1.163  0.530  3.7894  4.083    1  0.000  0.534     0.00     0.00     0.00     0.00     0.00 -1 -2.74e-13      0.00 7.660e-01 2.211e-01 2.262e-03 6.202e-04 5.650e-03 -1.000 1.287e-02 3.445 4.072 4.014 3.459 3.122 2.835 2.478 2.199 2.167
0.0152 0.01508 9.69897 1.1682056189 2.5023816843    1.167  0.544  3.7887  4.068    2  0.000  0.534     0.00     0.00     0.00     0.00     0.00 -1 -2.85e-13      0.00 7.652e-01 2.219e-01 2.271e-03 6.226e-04 5.674e-03 -1.000 1.291e-02 3.410 4.044 3.982 3.425 3.086 2.798 2.440 2.159 2.126
0.0152 0.01508 9.69897 1.1722657681 2.5029737157    1.171  0.557  3.7878  4.053    2  0.000  0.534     0.00     0.00     0.00     0.00     0.00 -1 -2.95e-13      0.00 7.639e-01 2.231e-01 2.283e-03 6.258e-04 5.705e-03 -1.000 1.298e-02 3.379 4.022 3.956 3.394 3.054 2.765 2.404 2.122 2.089
0.0152 0.01508 9.69897 1.1769906282 2.5036567617    1.176  0.571  3.7868  4.036    2  0.000  0.534     0.00     0.00     0.00     0.00     0.00 -1 -3.08e-13      0.00 7.623e-01 2.246e-01 2.297e-03 6.292e-04 5.739e-03 -1.000 1.307e-02 3.342 3.996 3.925 3.359 3.017 2.726 2.363 2.078 2.045
0.0152 0.01508 9.69897 1.1830646992 2.5045256444    1.182  0.590  3.7852  4.013    2  0.000  0.534     0.00     0.00     0.00     0.00     0.00 -1 -3.26e-13      0.00 7.609e-01 2.260e-01 2.311e-03 6.325e-04 5.773e-03 -1.000 1.314e-02 3.294 3.964 3.885 3.313 2.967 2.674 2.306 2.019 1.985
0.0152 0.01508 9.69897 1.1892217398 2.5053959867    1.188  0.611  3.7831  3.986    2  0.000  0.534     0.00     0.00     0.00     0.00     0.00 -1 -3.47e-13      0.00 7.606e-01 2.262e-01 2.315e-03 6.332e-04 5.784e-03 -1.000 1.315e-02 3.243 3.933 3.844 3.264 2.914 2.618 2.245 1.953 1.919
0.0152 0.01508 9.69897 1.1959283352 2.5063322953    1.195  0.634  3.7800  3.954    2  0.000  0.533     0.00     0.00     0.00     0.00     0.00 -1 -3.74e-13      0.00 7.612e-01 2.257e-01 2.312e-03 6.322e-04 5.779e-03 -1.000 1.313e-02 3.186 3.906 3.803 3.210 2.854 2.553 2.172 1.875 1.839
0.0152 0.01508 9.69897 1.2000000477 2.5068948796    1.199  0.646  3.7766  3.929    2  0.000  0.534     0.00     0.00     0.00     0.00     0.00 -1 -3.92e-13      0.00 7.558e-01 2.308e-01 2.350e-03 6.421e-04 5.871e-03 -1.000 1.336e-02 3.156 3.916 3.793 3.185 2.821 2.515 2.125 1.820 1.783
0.0152 0.01508 9.69897 1.2049231529 2.5075692637    1.204  0.657  3.7717  3.900    2  0.000  0.534     0.00     0.00     0.00     0.00     0.00 -1 -4.11e-13      0.00 7.489e-01 2.374e-01 2.400e-03 6.553e-04 5.991e-03 -1.000 1.365e-02 3.128 3.945 3.795 3.166 2.791 2.476 2.073 1.757 1.717
0.0152 0.01508 9.69897 1.2120721340 2.5085373484    1.211  0.652  3.7571  3.850    2  0.000  0.535     0.00     0.00     0.00     0.00     0.00 -1 -4.25e-13      0.00 7.348e-01 2.510e-01 2.510e-03 6.843e-04 6.254e-03 -1.000 1.423e-02 3.140 4.137 3.897 3.208 2.798 2.460 2.017 1.668 1.622
0.0152 0.01508 9.69897 1.2156515121 2.5090171362    1.214  0.632  3.7447  3.821    2  0.000  0.535     0.00     0.00     0.00     0.00     0.00 -1 -4.16e-13      0.00 7.273e-01 2.582e-01 2.568e-03 6.997e-04 6.394e-03 -1.000 1.454e-02 3.190 4.361 4.029 3.289 2.850 2.491 2.014 1.634 1.583
0.0152 0.01508 9.69897 1.2178038359 2.5093040774    1.216  0.613  3.7353  3.803    2  0.000  0.536     0.00     0.00     0.00     0.00     0.00 -1 -4.05e-13      0.00 7.232e-01 2.621e-01 2.599e-03 7.080e-04 6.469e-03 -1.000 1.470e-02 3.237 4.545 4.139 3.364 2.901 2.528 2.022 1.618 1.564
0.0152 0.01508 9.69897 1.2195942402 2.5095418815    1.218  0.600  3.7270  3.784    2  0.000  0.536     0.00     0.00     0.00     0.00     0.00 -1 -3.99e-13      0.00 7.204e-01 2.648e-01 2.620e-03 7.135e-04 6.518e-03 -1.000 1.480e-02 3.271 4.704 4.233 3.426 2.943 2.556 2.023 1.597 1.540
0.0152 0.01508 9.69897 1.2212458849 2.5097605444    1.220  0.592  3.7195  3.762    2  0.000  0.536     0.00     0.00     0.00     0.00     0.00 -1 -4.01e-13      0.00 7.184e-01 2.668e-01 2.635e-03 7.173e-04 6.554e-03 -1.000 1.484e-02 3.289 4.839 4.307 3.470 2.969 2.569 2.012 1.566 1.506
0.0152 0.01508 9.69897 1.2231684923 2.5100142252    1.222  0.597  3.7121  3.728    2  0.000  0.536     0.00     0.00     0.00     0.00     0.00 -1 -4.18e-13      0.00 7.163e-01 2.688e-01 2.648e-03 7.208e-04 6.586e-03 -1.000 1.494e-02 3.276 4.950 4.352 3.488 2.967 2.554 1.973 1.505 1.442
0.0152 0.01508 9.69897 1.2253205776 2.5102970991    1.224  0.622  3.7061  3.681    2  0.000  0.536     0.00     0.00     0.00     0.00     0.00 -1 -4.62e-13      0.00 7.140e-01 2.710e-01 2.658e-03 7.237e-04 6.612e-03 -1.000 1.499e-02 3.216 4.989 4.341 3.453 2.917 2.493 1.892 1.407 1.342
0.0152 0.01508 9.69897 1.2261239290 2.5104024003    1.225  0.633  3.7043  3.662    2  0.000  0.536     0.00     0.00     0.00     0.00     0.00 -1 -4.84e-13      0.00 7.132e-01 2.718e-01 2.661e-03 7.247e-04 6.620e-03 -1.000 1.502e-02 3.187 4.990 4.327 3.432 2.891 2.463 1.856 1.366 1.300
0.0152 0.01508 9.69897 1.2274289131 2.5105731165    1.226  0.658  3.7023  3.629    3  0.000  0.534     0.00     0.00     0.00     0.00     0.00 -1 -5.31e-13      0.00 7.117e-01 2.733e-01 2.657e-03 7.281e-04 6.631e-03 -1.000 1.506e-02 3.124 4.960 4.281 3.379 2.832 2.401 1.787 1.291 1.224
0.0152 0.01508 9.69897 1.2293258905 2.5108205332    1.228  0.698  3.6997  3.580    3  0.000  0.526     0.00     0.00     0.00     0.00     0.00 -1  -6.1e-13      0.00 7.092e-01 2.757e-01 2.625e-03 7.539e-04 6.646e-03 -1.000 1.509e-02 3.026 4.900 4.204 3.291 2.739 2.303 1.680 1.177 1.108
0.0152 0.01508 9.69897 1.2312722206 2.5110734758    1.230  0.743  3.6976  3.528    3  0.000  0.507     0.00     0.00     0.00     0.00     0.00 -1 -7.15e-13      0.00 7.061e-01 2.787e-01 2.532e-03 8.424e-04 6.658e-03 -1.000 1.513e-02 2.913 4.821 4.109 3.188 2.631 2.191 1.560 1.051 0.981
0.0152 0.01508 9.69897 1.2328742743 2.5112809877    1.231  0.783  3.6961  3.482    3  0.000  0.482     0.00     0.00     0.00     0.00     0.00 -1 -8.24e-13      0.00 7.034e-01 2.814e-01 2.412e-03 9.842e-04 6.666e-03 -1.000 1.519e-02 2.813 4.745 4.021 3.095 2.534 2.091 1.454 0.940 0.871
0.0152 0.01508 9.69897 1.2346549034 2.5115109037    1.233  0.832  3.6946  3.428    3  0.000  0.458     0.00     0.00     0.00     0.00     0.00 -1 -9.76e-13      0.00 7.003e-01 2.845e-01 2.293e-03 1.134e-03 6.674e-03 -1.000 1.521e-02 2.691 4.653 3.915 2.980 2.416 1.969 1.327 0.809 0.738
0.0152 0.01508 9.69897 1.2360116243 2.5116855732    1.235  0.872  3.6933  3.383    3  0.000  0.445     0.00     0.00     0.00     0.00     0.00 -1 -1.12e-12      0.00 6.981e-01 2.867e-01 2.228e-03 1.216e-03 6.679e-03 -1.000 1.525e-02 2.591 4.577 3.827 2.886 2.318 1.869 1.222 0.700 0.629
0.0152 0.01508 9.69897 1.2375732660 2.5118860797    1.236  0.922  3.6917  3.327    3  0.000  0.433     0.00     0.00     0.00     0.00     0.00 -1 -1.34e-12      0.00 6.958e-01 2.889e-01 2.171e-03 1.288e-03 6.683e-03 -1.000 1.525e-02 2.466 4.481 3.717 2.768 2.197 1.745 1.092 0.565 0.494
0.0152 0.01508 9.69897 1.2387132645 2.5120320825    1.237  0.961  3.6904  3.283    3  0.000  0.427     0.00     0.00     0.00     0.00     0.00 -1 -1.54e-12      0.00 6.944e-01 2.903e-01 2.140e-03 1.328e-03 6.686e-03 -1.000 1.526e-02 2.367 4.406 3.630 2.675 2.100 1.646 0.988 0.458 0.386
0.0152 0.01508 9.69897 1.2400665283 2.5122049981    1.239  1.012  3.6887  3.225    3  0.000  0.421     0.00     0.00     0.00     0.00     0.00 -1 -1.84e-12      0.00 6.931e-01 2.917e-01 2.112e-03 1.363e-03 6.688e-03 -1.000 1.527e-02 2.239 4.312 3.521 2.556 1.977 1.519 0.855 0.320 0.247
0.0152 0.01508 9.69897 1.2412030697 2.5123498866    1.240  1.059  3.6870  3.172    3  0.000  0.418     0.00     0.00     0.00     0.00     0.00 -1 -2.18e-12      0.00 6.922e-01 2.926e-01 2.095e-03 1.384e-03 6.690e-03 -1.000 1.527e-02 2.122 4.228 3.421 2.448 1.864 1.402 0.732 0.192 0.118
0.0152 0.01508 9.69897 1.2422842979 2.5124874407    1.241  1.108  3.6851  3.116    3  0.000  0.415     0.00     0.00     0.00     0.00     0.00 -1  -2.6e-12      0.00 6.915e-01 2.932e-01 2.083e-03 1.399e-03 6.691e-03 -1.000 1.527e-02 1.999 4.142 3.317 2.335 1.746 1.280 0.603 0.057 -0.017
0.0152 0.01508 9.69897 1.2432552576 2.5126107320    1.242  1.157  3.6831  3.059    3  0.000  0.413     0.00     0.00     0.00     0.00     0.00 -1 -3.09e-12      0.00 6.911e-01 2.936e-01 2.076e-03 1.409e-03 6.692e-03 -1.000 1.527e-02 1.877 4.060 3.216 2.224 1.629 1.159 0.475 -0.076 -0.152
0.0152 0.01508 9.69897 1.2441500425 2.5127241548    1.243  1.206  3.6810  3.002    3  0.000  0.413     0.00     0.00     0.00     0.00     0.00 -1 -3.69e-12      0.00 6.909e-01 2.939e-01 2.072e-03 1.414e-03 6.692e-03 -1.000 1.527e-02 1.754 3.979 3.114 2.111 1.511 1.036 0.344 -0.213 -0.290
0.0152 0.01508 9.69897 1.2449153662 2.5128210184    1.243  1.253  3.6789  2.947    3  0.000  0.412     0.00     0.00     0.00     0.00     0.00 -1 -4.37e-12      0.00 6.908e-01 2.939e-01 2.069e-03 1.416e-03 6.693e-03 -1.000 1.527e-02 1.637 3.905 3.019 2.006 1.401 0.921 0.221 -0.342 -0.420
0.0152 0.01508 9.69897 1.2456187010 2.5129099156    1.244  1.300  3.6767  2.892    3  0.000  0.412     0.00     0.00     0.00     0.00     0.00 -1 -5.18e-12      0.00 6.907e-01 2.940e-01 2.068e-03 1.418e-03 6.693e-03 -1.000 1.527e-02 1.520 3.833 2.925 1.902 1.290 0.806 0.097 -0.473 -0.552
0.0152 0.01508 9.69897 1.2462500334 2.5129896139    1.245  1.346  3.6745  2.837    3  0.000  0.412     0.00     0.00     0.00     0.00     0.00 -1 -6.12e-12      0.00 6.908e-01 2.940e-01 2.068e-03 1.418e-03 6.693e-03 -1.000 1.527e-02 1.405 3.764 2.833 1.800 1.181 0.693 -0.024 -0.601 -0.681
0.0152 0.01508 9.69897 1.2468303442 2.5130627894    1.245  1.392  3.6723  2.783    3  0.000  0.412     0.00     0.00     0.00     0.00     0.00 -1 -7.23e-12      0.00 6.908e-01 2.940e-01 2.068e-03 1.419e-03 6.693e-03 -1.000 1.527e-02 1.291 3.696 2.743 1.698 1.074 0.580 -0.145 -0.729 -0.811
0.0152 0.01508 9.69897 1.2473464012 2.5131277970    1.245  1.435  3.6700  2.730    3  0.000  0.412     0.00     0.00     0.00     0.00     0.00 -1  -8.5e-12      0.00 6.908e-01 2.940e-01 2.067e-03 1.419e-03 6.693e-03 -1.000 1.527e-02 1.181 3.633 2.656 1.601 0.971 0.472 -0.262 -0.852 -0.935
0.0152 0.01508 9.69897 1.2478227615 2.5131877491    1.246  1.479  3.6677  2.678    3  0.000  0.412     0.00     0.00     0.00     0.00     0.00 -1 -9.96e-12      0.00 6.908e-01 2.939e-01 2.067e-03 1.419e-03 6.693e-03 -1.000 1.527e-02 1.073 3.574 2.574 1.508 0.870 0.367 -0.376 -0.974 -1.059
0.0152 0.01508 9.69897 1.2482705116 2.5132440525    1.246  1.521  3.6654  2.626    3  0.000  0.412     0.00     0.00     0.00     0.00     0.00 -1 -1.17e-11      0.00 6.908e-01 2.939e-01 2.067e-03 1.419e-03 6.694e-03 -1.000 1.527e-02 0.966 3.517 2.492 1.416 0.771 0.262 -0.490 -1.094 -1.181
0.0152 0.01508 9.69897 1.2487006187 2.5132980936    1.247  1.562  3.6632  2.577    3  0.000  0.412     0.00     0.00     0.00     0.00     0.00 -1 -1.35e-11      0.00 6.908e-01 2.939e-01 2.066e-03 1.420e-03 6.694e-03 -1.000 1.527e-02 0.865 3.464 2.416 1.329 0.678 0.164 -0.597 -1.209 -1.296
0.0152 0.01508 9.69897 1.2492433786 2.5133662280    1.247  1.600  3.6612  2.531    3  0.000  0.411     0.00     0.00     0.00     0.00     0.00 -1 -1.56e-11      0.00 6.908e-01 2.939e-01 2.066e-03 1.420e-03 6.694e-03 -1.000 1.527e-02 0.770 3.413 2.343 1.246 0.590 0.071 -0.698 -1.315 -1.405
0.0152 0.01508 9.69897 1.2493559122 2.5133803461    1.247  1.605  3.6609  2.525    3  0.000  0.411     0.00     0.00     0.00     0.00     0.00 -1 -1.59e-11      0.00 6.908e-01 2.939e-01 2.066e-03 1.420e-03 6.694e-03 -1.000 1.527e-02 0.758 3.406 2.333 1.235 0.578 0.059 -0.711 -1.329 -1.419
0.0152 0.01508 9.69897 1.2495954037 2.5134103824    1.247  1.589  3.6620  2.544    3  0.000  0.411     0.00     0.00     0.00     0.00     0.00 -1 -1.52e-11      0.00 6.908e-01 2.939e-01 2.066e-03 1.420e-03 6.694e-03 -1.000 1.527e-02 0.796 3.421 2.360 1.267 0.613 0.096 -0.669 -1.285 -1.373
0.0152 0.01508 9.69897 1.2498962879 2.5134480996    1.248  1.552  3.6645  2.593    3  0.000  0.411     0.00     0.00     0.00     0.00     0.00 -1 -1.32e-11      0.00 6.908e-01 2.939e-01 2.066e-03 1.421e-03 6.694e-03 -1.000 1.527e-02 0.891 3.461 2.427 1.346 0.699 0.188 -0.568 -1.175 -1.262
0.0152 0.01508 9.69897 1.2499910593 2.5134599753    1.248  1.539  3.6653  2.608    3  0.000  0.411     0.00     0.00     0.00     0.00     0.00 -1 -1.26e-11      0.00 6.908e-01 2.939e-01 2.066e-03 1.421e-03 6.694e-03 -1.000 1.527e-02 0.922 3.474 2.449 1.371 0.727 0.218 -0.535 -1.139 -1.226
0.0152 0.01508 9.69897 1.2500000000 2.5134610955    1.248  1.540  3.6653  2.607    3  0.000  0.411     0.00     0.00     0.00     0.00     0.00 -1 -1.26e-11      0.00 6.908e-01 2.939e-01 2.066e-03 1.421e-03 6.694e-03 -1.000 1.527e-02 0.919 3.473 2.447 1.369 0.725 0.215 -0.538 -1.143 -1.229
0.0152 0.01508 9.69897 1.2500480413 2.5134671146    1.248  1.546  3.6649  2.600    3  0.000  0.411     0.00     0.00     0.00     0.00     0.00 -1 -1.28e-11      0.00 6.908e-01 2.939e-01 2.066e-03 1.421e-03 6.694e-03 -1.000 1.527e-02 0.904 3.465 2.436 1.356 0.711 0.201 -0.553 -1.159 -1.246
0.0152 0.01508 9.69897 1.2504258156 2.5135144275    1.248  1.591  3.6623  2.545    3  0.000  0.411     0.00     0.00     0.00     0.00     0.00 -1  -1.5e-11      0.00 6.908e-01 2.939e-01 2.065e-03 1.421e-03 6.694e-03 -1.000 1.527e-02 0.793 3.409 2.352 1.261 0.608 0.092 -0.672 -1.286 -1.375
0.0152 0.01508 9.69897 1.2508146763 2.5135630946    1.248  1.637  3.6597  2.488    3  0.000  0.411     0.00     0.00     0.00     0.00     0.00 -1 -1.77e-11      0.00 6.908e-01 2.939e-01 2.065e-03 1.421e-03 6.694e-03 -1.000 1.527e-02 0.678 3.356 2.268 1.163 0.502 -0.020 -0.794 -1.417 -1.507
0.0152 0.01508 9.69897 1.2511783838 2.5136085822    1.249  1.682  3.6570  2.432    3  0.000  0.411     0.00     0.00     0.00     0.00     0.00 -1  -2.1e-11      0.00 6.908e-01 2.939e-01 2.065e-03 1.422e-03 6.694e-03 -1.000 1.527e-02 0.564 3.321 2.192 1.069 0.398 -0.131 -0.916 -1.546 -1.638
0.0152 0.01508 9.69897 1.2515078783 2.5136497647    1.249  1.727  3.6543  2.377    3  0.000  0.411     0.00     0.00     0.00     0.00     0.00 -1 -2.47e-11      0.00 6.908e-01 2.939e-01 2.064e-03 1.422e-03 6.694e-03 -1.000 1.527e-02 0.453 3.289 2.118 0.977 0.296 -0.239 -1.035 -1.673 -1.767
0.0152 0.01508 9.69897 1.2518196106 2.5136887041    1.249  1.772  3.6515  2.321    3  0.000  0.411     0.00     0.00     0.00     0.00     0.00 -1 -2.93e-11      0.00 6.909e-01 2.939e-01 2.064e-03 1.422e-03 6.694e-03 -1.000 1.527e-02 0.340 3.258 2.044 0.884 0.193 -0.350 -1.157 -1.803 -1.898
0.0152 0.01508 9.69897 1.2521024942 2.5137240207    1.249  1.817  3.6487  2.265    3  0.000  0.411     0.00     0.00     0.00     0.00     0.00 -1 -3.46e-11      0.00 6.909e-01 2.939e-01 2.064e-03 1.423e-03 6.694e-03 -1.000 1.527e-02 0.228 3.230 1.972 0.794 0.092 -0.458 -1.276 -1.930 -2.028
0.0152 0.01508 9.69897 1.2523584366 2.5137559580    1.249  1.860  3.6460  2.210    3  0.000  0.411     0.00     0.00     0.00     0.00     0.00 -1 -4.07e-11      0.00 6.909e-01 2.939e-01 2.064e-03 1.423e-03 6.694e-03 -1.000 1.527e-02 0.120 3.207 1.904 0.707 -0.005 -0.563 -1.392 -2.055 -2.154
0.0152 0.01508 9.69897 1.2526016235 2.5137862897    1.250  1.905  3.6431  2.155    3  0.000  0.411     0.00     0.00     0.00     0.00     0.00 -1 -4.81e-11      0.00 6.909e-01 2.939e-01 2.064e-03 1.423e-03 6.694e-03 -1.000 1.527e-02 0.008 3.184 1.835 0.619 -0.105 -0.670 -1.511 -2.182 -2.284
0.0152 0.01508 9.69897 1.2528213263 2.5138136807    1.250  1.948  3.6403  2.100    3  0.000  0.411     0.00     0.00     0.00     0.00     0.00 -1 -5.66e-11      0.00 6.909e-01 2.939e-01 2.063e-03 1.423e-03 6.694e-03 -1.000 1.527e-02 -0.100 3.163 1.769 0.533 -0.202 -0.775 -1.628 -2.308 -2.412
0.0152 0.01508 9.69897 1.2530227900 2.5138387881    1.250  1.992  3.6374  2.045    3  0.000  0.411     0.00     0.00     0.00     0.00     0.00 -1 -6.66e-11      0.00 6.909e-01 2.939e-01 2.063e-03 1.424e-03 6.694e-03 -1.000 1.527e-02 -0.209 3.147 1.705 0.450 -0.296 -0.879 -1.744 -2.433 -2.539
0.0152 0.01508 9.69897 1.2532069683 2.5138617332    1.250  2.035  3.6345  1.990    3  0.000  0.411     0.00     0.00     0.00     0.00     0.00 -1 -7.84e-11      0.00 6.909e-01 2.938e-01 2.063e-03 1.424e-03 6.694e-03 -1.000 1.527e-02 -0.317 3.127 1.643 0.368 -0.389 -0.982 -1.859 -2.556 -2.665
0.0152 0.01508 9.69897 1.2533789873 2.5138831564    1.250  2.078  3.6315  1.934    3  0.000  0.411     0.00     0.00     0.00     0.00     0.00 -1 -9.24e-11      0.00 6.909e-01 2.938e-01 2.063e-03 1.424e-03 6.694e-03 -1.000 1.527e-02 -0.426 3.083 1.580 0.282 -0.482 -1.084 -1.974 -2.675 -2.788
0.0152 0.01508 9.69897 1.2535346746 2.5139025399    1.250  2.121  3.6285  1.880    3  0.000  0.411     0.00     0.00     0.00     0.00     0.00 -1 -1.08e-10      0.00 6.909e-01 2.938e-01 2.063e-03 1.424e-03 6.694e-03 -1.000 1.527e-02 -0.532 3.039 1.519 0.198 -0.573 -1.183 -2.086 -2.791 -2.910
0.0152 0.01508 9.69897 1.2536765337 2.5139201968    1.249  2.163  3.6256  1.826    3  0.000  0.411     0.00     0.00     0.00     0.00     0.00 -1 -1.27e-10      0.00 6.909e-01 2.938e-01 2.063e-03 1.424e-03 6.694e-03 -1.000 1.527e-02 -0.637 2.994 1.459 0.117 -0.660 -1.280 -2.196 -2.905 -3.030
0.0152 0.01508 9.69897 1.2538113594 2.5139369741    1.249  2.206  3.6225  1.771    3  0.000  0.411     0.00     0.00     0.00     0.00     0.00 -1  -1.5e-10      0.00 6.909e-01 2.938e-01 2.063e-03 1.424e-03 6.694e-03 -1.000 1.527e-02 -0.745 2.946 1.397 0.034 -0.750 -1.380 -2.309 -3.023 -3.153
0.0152 0.01508 9.69897 1.2539322376 2.5139520123    1.249  2.248  3.6195  1.717    3  0.000  0.411     0.00     0.00     0.00     0.00     0.00 -1 -1.76e-10      0.00 6.909e-01 2.938e-01 2.063e-03 1.424e-03 6.694e-03 -1.000 1.527e-02 -0.849 2.897 1.337 -0.046 -0.837 -1.475 -2.418 -3.136 -3.272
0.0152 0.01508 9.69897 1.2540448904 2.5139660242    1.249  2.290  3.6164  1.663    3  0.000  0.411     0.00     0.00     0.00     0.00     0.00 -1 -2.06e-10      0.00 6.909e-01 2.938e-01 2.062e-03 1.425e-03 6.694e-03 -1.000 1.527e-02 -0.954 2.846 1.277 -0.123 -0.921 -1.570 -2.528 -3.251 -3.393
0.0152 0.01508 9.69897 1.2541495562 2.5139790401    1.249  2.332  3.6133  1.608    3  0.000  0.411     0.00     0.00     0.00     0.00     0.00 -1 -2.41e-10      0.00 6.909e-01 2.938e-01 2.062e-03 1.425e-03 6.694e-03 -1.000 1.527e-02 -1.059 2.795 1.216 -0.201 -1.005 -1.665 -2.637 -3.365 -3.514
0.0152 0.01508 9.69897 1.2542454004 2.5139909567    1.249  2.373  3.6102  1.554    3  0.000  0.411     0.00     0.00     0.00     0.00     0.00 -1 -2.83e-10      0.00 6.909e-01 2.938e-01 2.062e-03 1.425e-03 6.694e-03 -1.000 1.527e-02 -1.163 2.746 1.157 -0.278 -1.089 -1.758 -2.745 -3.478 -3.634
0.0152 0.01508 9.69897 1.2543340921 2.5140019822    1.248  2.414  3.6071  1.500    3  0.000  0.411     0.00     0.00     0.00     0.00     0.00 -1 -3.31e-10      0.00 6.909e-01 2.938e-01 2.062e-03 1.425e-03 6.694e-03 -1.000 1.527e-02 -1.266 2.694 1.100 -0.350 -1.168 -1.850 -2.853 -3.591 -3.753
0.0152 0.01508 9.69897 1.2544161081 2.5140121762    1.248  2.455  3.6039  1.447    3  0.000  0.411     0.00     0.00     0.00     0.00     0.00 -1 -3.87e-10      0.00 6.909e-01 2.938e-01 2.062e-03 1.425e-03 6.694e-03 -1.000 1.527e-02 -1.368 2.693 1.054 -0.414 -1.246 -1.944 -2.963 -3.709 -3.877
0.0152 0.01508 9.69897 1.2544907331 2.5140214503    1.248  2.495  3.6008  1.394    3  0.000  0.411     0.00     0.00     0.00     0.00     0.00 -1 -4.52e-10      0.00 6.909e-01 2.938e-01 2.062e-03 1.425e-03 6.694e-03 -1.000 1.527e-02 -1.469 2.695 1.010 -0.477 -1.322 -2.036 -3.070 -3.826 -3.998
0.0152 0.01508 9.69897 1.2545617819 2.5140302787    1.247  2.537  3.5975  1.339    3  0.000  0.411    10.98     8.00     5.64     4.31     3.50  4  -5.3e-10      0.00 6.909e-01 2.938e-01 2.062e-03 1.425e-03 6.694e-03 -1.000 1.527e-02 -1.572 2.692 0.967 -0.535 -1.395 -2.130 -3.181 -3.945 -4.122
0.0152 0.01508 9.69897 1.2546250820 2.5140381433    1.247  2.576  3.5942  1.287    3  0.000  0.411    12.24     8.80     6.18     4.73     3.84  4 -6.17e-10      0.00 6.909e-01 2.938e-01 2.062e-03 1.425e-03 6.694e-03 -1.000 1.527e-02 -1.670 2.691 0.929 -0.588 -1.462 -2.219 -3.287 -4.060 -4.242
0.0152 0.01508 9.69897 1.2546837330 2.5140454295    1.246  2.615  3.5910  1.235    3  0.000  0.411    13.62     9.66     6.76     5.18     4.21  4 -7.18e-10      0.00 6.909e-01 2.938e-01 2.062e-03 1.425e-03 6.694e-03 -1.000 1.527e-02 -1.768 2.691 0.892 -0.640 -1.529 -2.308 -3.393 -4.174 -4.361
0.0152 0.01508 9.69897 1.2547399998 2.5140524187    1.246  2.655  3.5877  1.181    3  0.000  0.411    15.20    10.65     7.41     5.69     4.63  4 -8.38e-10      0.00 6.909e-01 2.938e-01 2.062e-03 1.425e-03 6.694e-03 -1.000 1.527e-02 -1.868 2.688 0.858 -0.687 -1.591 -2.397 -3.501 -4.291 -4.483
0.0152 0.01508 9.69897 1.2547905445 2.5140586966    1.245  2.694  3.5844  1.129    3  0.000  0.411    16.91    11.69     8.11     6.23     5.07  4 -9.74e-10      0.00 6.909e-01 2.938e-01 2.062e-03 1.425e-03 6.694e-03 -1.000 1.527e-02 -1.964 2.687 0.829 -0.728 -1.648 -2.483 -3.605 -4.403 -4.600
0.0152 0.01508 9.69897 1.2548383474 2.5140646334    1.245  2.732  3.5810  1.077    3  0.000  0.411    18.82    12.85     8.87     6.83     5.55  3 -1.13e-09      0.00 6.909e-01 2.938e-01 2.062e-03 1.425e-03 6.694e-03 -1.000 1.527e-02 -2.060 2.687 0.800 -0.769 -1.705 -2.568 -3.709 -4.516 -4.719
0.0152 0.01508 9.69897 1.2548835278 2.5140702440    1.244  2.771  3.5776  1.024    3  0.000  0.411    20.98    14.13     9.72     7.49     6.09  3 -1.32e-09      0.00 6.909e-01 2.938e-01 2.062e-03 1.425e-03 6.694e-03 -1.000 1.527e-02 -2.157 2.683 0.779 -0.798 -1.753 -2.652 -3.815 -4.631 -4.839
0.0152 0.01508 9.69897 1.2549346685 2.5140765942    1.243  2.818  3.5732  0.959    3  0.000  0.411    23.97    15.89    10.87     8.39     6.83  3 -1.58e-09      0.00 6.909e-01 2.938e-01 2.062e-03 1.425e-03 6.694e-03 -1.000 1.527e-02 -2.275 2.683 0.762 -0.822 -1.803 -2.753 -3.945 -4.771 -4.985
0.0152 0.01508 9.69897 1.2549811602 2.5140823666    1.242  2.864  3.5688  0.895    3  0.000  0.411    27.32    17.83    12.13     9.39     7.64  3  -1.9e-09      0.00 6.909e-01 2.938e-01 2.062e-03 1.425e-03 6.694e-03 -1.000 1.527e-02 -2.390 2.686 0.754 -0.837 -1.845 -2.850 -4.072 -4.908 -5.129
0.0152 0.01508 9.69897 1.2550235987 2.5140876353    1.241  2.909  3.5644  0.832    3  0.000  0.411    31.10    19.99    13.52    10.48     8.53  3 -2.27e-09      0.00 6.909e-01 2.938e-01 2.062e-03 1.426e-03 6.694e-03 -1.000 1.527e-02 -2.503 2.684 0.758 -0.832 -1.873 -2.941 -4.199 -5.043 -5.271
0.0152 0.01508 9.69897 1.2550630569 2.5140925337    1.240  2.954  3.5600  0.769    3  0.000  0.411    35.40    22.39    15.08    11.70     9.53  3 -2.72e-09      0.00 6.909e-01 2.938e-01 2.062e-03 1.426e-03 6.694e-03 -1.000 1.527e-02 -2.615 2.685 0.764 -0.825 -1.898 -3.030 -4.324 -5.177 -5.413
0.0152 0.01508 9.69897 1.2550997734 2.5140970914    1.238  2.998  3.5555  0.706    3  0.000  0.411    40.27    25.08    16.80    13.07    10.64  2 -3.25e-09      0.00 6.909e-01 2.938e-01 2.062e-03 1.426e-03 6.694e-03 -1.000 1.527e-02 -2.726 2.683 0.793 -0.786 -1.902 -3.110 -4.449 -5.310 -5.554
0.0152 0.01508 9.69897 1.2551331520 2.5141012345    1.237  3.042  3.5510  0.645    3  0.000  0.411    45.69    28.03    18.68    14.55    11.86  2 -3.87e-09      0.00 6.909e-01 2.938e-01 2.062e-03 1.426e-03 6.694e-03 -1.000 1.527e-02 -2.834 2.682 0.824 -0.745 -1.904 -3.188 -4.570 -5.440 -5.691
0.0152 0.01508 9.69897 1.2551642656 2.5141050962    1.235  3.084  3.5465  0.583    3  0.000  0.411    51.83    31.31    20.76    16.20    13.20  2  -4.6e-09      0.00 6.909e-01 2.938e-01 2.062e-03 1.426e-03 6.694e-03 -1.000 1.527e-02 -2.941 2.681 0.876 -0.677 -1.888 -3.252 -4.691 -5.569 -5.828
0.0152 0.01508 9.69897 1.2551934719 2.5141087210    1.233  3.127  3.5418  0.521    3  0.000  0.411    58.85    35.00    23.09    18.05    14.72  2 -5.48e-09      0.00 6.909e-01 2.938e-01 2.061e-03 1.426e-03 6.694e-03 -1.000 1.527e-02 -3.047 2.681 0.936 -0.597 -1.865 -3.313 -4.813 -5.698 -5.965
0.0152 0.01508 9.69897 1.2552205324 2.5141120793    1.231  3.169  3.5371  0.460    3  0.000  0.411    66.74    39.10    25.67    20.09    16.39  2 -6.51e-09      0.00 6.909e-01 2.938e-01 2.061e-03 1.426e-03 6.694e-03 -1.000 1.527e-02 -3.152 2.682 1.018 -0.491 -1.827 -3.360 -4.933 -5.826 -6.101
0.0152 0.01508 9.69897 1.2552456856 2.5141152008    1.229  3.210  3.5324  0.399    3  0.000  0.411    75.62    43.62    28.50    22.35    18.23  2 -7.72e-09      0.00 6.909e-01 2.938e-01 2.061e-03 1.426e-03 6.694e-03 -1.000 1.527e-02 -3.255 2.684 1.115 -0.367 -1.778 -3.398 -5.053 -5.951 -6.235
0.0152 0.01508 9.69897 1.2552694082 2.5141181446    1.226  3.251  3.5276  0.338    3  0.000  0.411    85.74    48.71    31.66    24.87    20.29  2 -9.17e-09      0.00 6.909e-01 2.938e-01 2.061e-03 1.426e-03 6.694e-03 -1.000 1.527e-02 -3.358 2.688 1.233 -0.217 -1.714 -3.418 -5.172 -6.076 -6.369
0.0152 0.01508 9.69897 1.2552913427 2.5141208664    1.223  3.291  3.5228  0.278    3  0.000  0.411    97.00    54.28    35.11    27.63    22.55  2 -1.09e-08      0.00 6.909e-01 2.938e-01 2.061e-03 1.426e-03 6.694e-03 -1.000 1.527e-02 -3.457 2.693 1.372 -0.043 -1.636 -3.418 -5.289 -6.197 -6.501
0.0152 0.01508 9.69897 1.2553119659 2.5141234253    1.220  3.330  3.5179  0.218    3  0.000  0.411   109.65    60.43    38.90    30.66    25.03  2 -1.28e-08      0.00 6.909e-01 2.938e-01 2.061e-03 1.426e-03 6.694e-03 -1.000 1.527e-02 -3.555 2.701 1.532 0.161 -1.539 -3.397 -5.403 -6.316 -6.630
0.0152 0.01508 9.69897 1.2553313971 2.5141258363    1.216  3.368  3.5130  0.159    3  0.000  0.410   123.67    67.16    43.02    33.96    27.73  1 -1.51e-08      0.00 6.909e-01 2.938e-01 2.061e-03 1.426e-03 6.694e-03 -1.000 1.527e-02 -3.651 2.711 1.716 0.401 -1.419 -3.349 -5.514 -6.432 -6.757
0.0152 0.01508 9.69897 1.2553492785 2.5141280549    1.213  3.401  3.5089  0.108    3  0.000  0.410   137.34    73.61    46.95    37.13    30.32  1 -1.76e-08      0.00 6.909e-01 2.938e-01 2.061e-03 1.426e-03 6.694e-03 -1.000 1.527e-02 -3.733 2.716 1.865 0.595 -1.322 -3.309 -5.610 -6.533 -6.866
0.0152 0.01508 9.69897 1.2553492785 2.5141280549    1.212  1.721  3.6712  2.438    4  0.000  0.418     0.00     0.00     0.00     0.00     0.00 -1    -1e-30      0.00 6.872e-01 2.974e-01 2.106e-03 1.406e-03 6.721e-03 -1.000 1.538e-02 0.468 2.896 1.934 0.873 0.254 -0.241 -0.973 -1.556 -1.639
0.0152 0.01508 9.69897 1.2555829287 2.5141570380    1.213  1.732  3.6703  2.423    4  0.000  0.418     0.00     0.00     0.00     0.00     0.00 -1    -1e-30      0.00 6.872e-01 2.974e-01 2.106e-03 1.406e-03 6.721e-03 -1.000 1.538e-02 0.440 2.891 1.917 0.851 0.229 -0.269 -1.004 -1.589 -1.673
0.0152 0.01508 9.69897 1.2558234930 2.5141868657    1.213  1.737  3.6700  2.417    4  0.000  0.418     0.00     0.00     0.00     0.00     0.00 -1    -1e-30      0.00 6.872e-01 2.974e-01 2.106e-03 1.407e-03 6.721e-03 -1.000 1.538e-02 0.428 2.887 1.908 0.841 0.218 -0.280 -1.017 -1.603 -1.686
0.0152 0.01508 9.69897 1.2560660839 2.5142169315    1.213  1.737  3.6703  2.419    4  0.000  0.418     0.00     0.00     0.00     0.00     0.00 -1    -1e-30      0.00 6.872e-01 2.974e-01 2.105e-03 1.407e-03 6.721e-03 -1.000 1.538e-02 0.429 2.882 1.906 0.839 0.217 -0.280 -1.016 -1.601 -1.685
0.0152 0.01508 9.69897 1.2563121319 2.5142474121    1.214  1.735  3.6707  2.422    4  0.000  0.418     0.00     0.00     0.00     0.00     0.00 -1    -1e-30      0.00 6.872e-01 2.974e-01 2.105e-03 1.407e-03 6.721e-03 -1.000 1.538e-02 0.432 2.877 1.905 0.841 0.220 -0.277 -1.011 -1.595 -1.678
0.0152 0.01508 9.69897 1.2565521002 2.5142771262    1.214  1.733  3.6710  2.425    4  0.000  0.417     0.00     0.00     0.00     0.00     0.00 -1    -1e-30      0.00 6.872e-01 2.974e-01 2.105e-03 1.407e-03 6.721e-03 -1.000 1.538e-02 0.437 2.872 1.905 0.843 0.223 -0.272 -1.005 -1.588 -1.671
0.0152 0.01508 9.69897 1.2567981482 2.5143075797    1.214  1.731  3.6714  2.429    4  0.000  0.417     0.00     0.00     0.00     0.00     0.00 -1    -1e-30      0.00 6.872e-01 2.974e-01 2.105e-03 1.408e-03 6.721e-03 -1.000 1.538e-02 0.442 2.867 1.906 0.845 0.227 -0.268 -0.999 -1.581 -1.664
0.0152 0.01508 9.69897 1.2570425272 2.5143378130    1.214  1.730  3.6718  2.432    4  0.000  0.417     0.00     0.00     0.00     0.00     0.00 -1    -1e-30      0.00 6.872e-01 2.974e-01 2.104e-03 1.408e-03 6.721e-03 -1.000 1.538e-02 0.446 2.862 1.906 0.847 0.230 -0.264 -0.993 -1.574 -1.657
0.0152 0.01508 9.69897 1.2572842836 2.5143677086    1.215  1.728  3.6722  2.435    4  0.000  0.417     0.00     0.00     0.00     0.00     0.00 -1    -1e-30      0.00 6.872e-01 2.974e-01 2.104e-03 1.408e-03 6.721e-03 -1.000 1.538e-02 0.450 2.858 1.906 0.849 0.233 -0.260 -0.988 -1.568 -1.651
0.0152 0.01508 9.69897 1.2575300932 2.5143980918    1.215  1.727  3.6725  2.438    4  0.000  0.417     0.00     0.00     0.00     0.00     0.00 -1    -1e-30      0.00 6.872e-01 2.974e-01 2.104e-03 1.408e-03 6.721e-03 -1.000 1.538e-02 0.454 2.853 1.905 0.851 0.236 -0.257 -0.984 -1.562 -1.645
0.0152 0.01508 9.69897 1.2577813864 2.5144291387    1.215  1.725  3.6728  2.441    4  0.000  0.417     0.00     0.00     0.00     0.00     0.00 -1    -1e-30      0.00 6.872e-01 2.974e-01 2.104e-03 1.409e-03 6.721e-03 -1.000 1.538e-02 0.457 2.849 1.905 0.852 0.238 -0.254 -0.980 -1.557 -1.639
0.0152 0.01508 9.69897 1.2580183744 2.5144584052    1.215  1.725  3.6731  2.443    4  0.000  0.417     0.00     0.00     0.00     0.00     0.00 -1    -1e-30      0.00 6.873e-01 2.974e-01 2.104e-03 1.409e-03 6.721e-03 -1.000 1.538e-02 0.459 2.844 1.904 0.852 0.240 -0.252 -0.977 -1.554 -1.636
0.0152 0.01508 9.69897 1.2582520247 2.5144872470    1.216  1.724  3.6734  2.444    4  0.000  0.417     0.00     0.00     0.00     0.00     0.00 -1    -1e-30      0.00 6.873e-01 2.974e-01 2.103e-03 1.409e-03 6.721e-03 -1.000 1.538e-02 0.460 2.840 1.903 0.853 0.241 -0.250 -0.974 -1.550 -1.632
0.0152 0.01508 9.69897 1.2585009336 2.5145179589    1.216  1.723  3.6736  2.446    4  0.000  0.417     0.00     0.00     0.00     0.00     0.00 -1    -1e-30      0.00 6.873e-01 2.973e-01 2.103e-03 1.409e-03 6.721e-03 -1.000 1.539e-02 0.462 2.836 1.902 0.853 0.241 -0.249 -0.972 -1.547 -1.629
0.0152 0.01508 9.69897 1.2586908340 2.5145413805    1.216  1.723  3.6738  2.447    4  0.000  0.417     0.00     0.00     0.00     0.00     0.00 -1    -1e-30      0.00 6.873e-01 2.973e-01 2.103e-03 1.410e-03 6.721e-03 -1.000 1.539e-02 0.463 2.833 1.901 0.853 0.242 -0.248 -0.971 -1.545 -1.627
0.0152 0.01508 9.69897 1.2587462664 2.5145482158    1.216  1.723  3.6738  2.447    4  0.000  0.417     0.00     0.00     0.00     0.00     0.00 -1    -1e-30      0.00 6.873e-01 2.973e-01 2.103e-03 1.410e-03 6.721e-03 -1.000 1.539e-02 0.463 2.832 1.900 0.852 0.242 -0.248 -0.970 -1.545 -1.627
0.0152 0.01508 9.69897 1.2589983940 2.5145792966    1.217  1.723  3.6740  2.449    4  0.000  0.417     0.00     0.00     0.00     0.00     0.00 -1    -1e-30      0.00 6.873e-01 2.973e-01 2.103e-03 1.410e-03 6.721e-03 -1.000 1.539e-02 0.464 2.828 1.899 0.852 0.242 -0.248 -0.969 -1.543 -1.625
0.0152 0.01508 9.69897 1.2592314482 2.5146080134    1.217  1.723  3.6742  2.449    4  0.000  0.417     0.00     0.00     0.00     0.00     0.00 -1    -1e-30      0.00 6.873e-01 2.973e-01 2.103e-03 1.410e-03 6.721e-03 -1.000 1.539e-02 0.464 2.825 1.897 0.851 0.242 -0.248 -0.968 -1.542 -1.623
0.0152 0.01508 9.69897 1.2594629526 2.5146365272    1.217  1.723  3.6743  2.450    4  0.000  0.417     0.00     0.00     0.00     0.00     0.00 -1    -1e-30      0.00 6.873e-01 2.973e-01 2.102e-03 1.410e-03 6.721e-03 -1.000 1.539e-02 0.463 2.821 1.895 0.850 0.241 -0.248 -0.968 -1.542 -1.623
0.0152 0.01508 9.69897 1.2597143650 2.5146674793    1.217  1.723  3.6744  2.450    4  0.000  0.417     0.00     0.00     0.00     0.00     0.00 -1    -1e-30      0.00 6.873e-01 2.973e-01 2.102e-03 1.411e-03 6.721e-03 -1.000 1.539e-02 0.462 2.818 1.893 0.848 0.239 -0.249 -0.969 -1.542 -1.623
0.0152 0.01508 9.69897 1.2599614859 2.5146978892    1.218  1.724  3.6745  2.450    4  0.000  0.417     0.00     0.00     0.00     0.00     0.00 -1    -1e-30      0.00 6.873e-01 2.973e-01 2.102e-03 1.411e-03 6.721e-03 -1.000 1.539e-02 0.460 2.815 1.890 0.846 0.237 -0.251 -0.971 -1.544 -1.625
0.0152 0.01508 9.69897 1.2602114677 2.5147286373    1.218  1.725  3.6745  2.449    4  0.000  0.417     0.00     0.00     0.00     0.00     0.00 -1    -1e-30      0.00 6.873e-01 2.973e-01 2.102e-03 1.411e-03 6.721e-03 -1.000 1.539e-02 0.458 2.812 1.888 0.843 0.235 -0.254 -0.973 -1.546 -1.627
0.0152 0.01508 9.69897 1.2604289055 2.5147553709    1.218  1.726  3.6745  2.448    4  0.000  0.417     0.00     0.00     0.00     0.00     0.00 -1    -1e-30      0.00 6.873e-01 2.973e-01 2.101e-03 1.411e-03 6.721e-03 -1.000 1.539e-02 0.455 2.809 1.885 0.840 0.232 -0.257 -0.977 -1.549 -1.630
0.0152 0.01508 9.69897 1.2604516745 2.5147581697    1.218  1.726  3.6745  2.447    4  0.000  0.417     0.00     0.00     0.00     0.00     0.00 -1    -1e-30      0.00 6.873e-01 2.973e-01 2.101e-03 1.411e-03 6.721e-03 -1.000 1.539e-02 0.454 2.809 1.884 0.840 0.231 -0.257 -0.977 -1.550 -1.631
0.0152 0.01508 9.69897 1.2606835365 2.5147866640    1.218  1.728  3.6744  2.445    4  0.000  0.417     0.00     0.00     0.00     0.00     0.00 -1    -1e-30      0.00 6.873e-01 2.973e-01 2.101e-03 1.412e-03 6.721e-03 -1.000 1.539e-02 0.450 2.806 1.881 0.835 0.227 -0.262 -0.982 -1.555 -1.636
0.0152 0.01508 9.69897 1.2609235048 2.5148161418    1.219  1.730  3.6743  2.443    4  0.000  0.417     0.00     0.00     0.00     0.00     0.00 -1    -1e-30      0.00 6.873e-01 2.973e-01 2.101e-03 1.412e-03 6.721e-03 -1.000 1.539e-02 0.444 2.804 1.877 0.830 0.221 -0.267 -0.988 -1.561 -1.642
0.0152 0.01508 9.69897 1.2611628771 2.5148455334    1.219  1.733  3.6741  2.439    4  0.000  0.417     0.00     0.00     0.00     0.00     0.00 -1    -1e-30      0.00 6.873e-01 2.973e-01 2.101e-03 1.412e-03 6.721e-03 -1.000 1.539e-02 0.437 2.802 1.872 0.824 0.215 -0.275 -0.996 -1.569 -1.651
0.0152 0.01508 9.69897 1.2613968849 2.5148742541    1.219  1.737  3.6738  2.435    4  0.000  0.417     0.00     0.00     0.00     0.00     0.00 -1    -1e-30      0.00 6.873e-01 2.973e-01 2.101e-03 1.412e-03 6.721e-03 -1.000 1.539e-02 0.428 2.800 1.866 0.817 0.207 -0.283 -1.005 -1.579 -1.661
0.0152 0.01508 9.69897 1.2616326809 2.5149031818    1.220  1.741  3.6735  2.429    4  0.000  0.417     0.00     0.00     0.00     0.00     0.00 -1    -1e-30      0.00 6.873e-01 2.973e-01 2.100e-03 1.413e-03 6.721e-03 -1.000 1.539e-02 0.418 2.798 1.860 0.809 0.197 -0.293 -1.017 -1.592 -1.674
0.0152 0.01508 9.69897 1.2618650198 2.5149316732    1.220  1.746  3.6731  2.423    4  0.000  0.417     0.00     0.00     0.00     0.00     0.00 -1    -1e-30      0.00 6.873e-01 2.973e-01 2.100e-03 1.413e-03 6.721e-03 -1.000 1.539e-02 0.406 2.796 1.852 0.799 0.186 -0.305 -1.030 -1.606 -1.688
0.0152 0.01508 9.69897 1.2621021271 2.5149607369    1.220  1.751  3.6726  2.416    4  0.000  0.417     0.00     0.00     0.00     0.00     0.00 -1    -1e-30      0.00 6.874e-01 2.973e-01 2.100e-03 1.413e-03 6.721e-03 -1.000 1.539e-02 0.391 2.794 1.844 0.788 0.173 -0.319 -1.046 -1.624 -1.706
0.0152 0.01508 9.69897 1.2623395920 2.5149898318    1.220  1.758  3.6721  2.407    4  0.000  0.416     0.00     0.00     0.00     0.00     0.00 -1    -1e-30      0.00 6.874e-01 2.973e-01 2.100e-03 1.413e-03 6.721e-03 -1.000 1.539e-02 0.375 2.792 1.834 0.774 0.158 -0.336 -1.064 -1.644 -1.726
0.0152 0.01508 9.69897 1.2625769377 2.5150188996    1.221  1.762  3.6718  2.401    4  0.000  0.416     0.00     0.00     0.00     0.00     0.00 -1    -1e-30      0.00 6.874e-01 2.972e-01 2.100e-03 1.414e-03 6.721e-03 -1.000 1.539e-02 0.364 2.789 1.827 0.766 0.148 -0.346 -1.076 -1.656 -1.739
0.0152 0.01508 9.69897 1.2628211975 2.5150488011    1.221  1.771  3.6709  2.389    4  0.000  0.416     0.00     0.00     0.00     0.00     0.00 -1    -1e-30      0.00 6.874e-01 2.972e-01 2.099e-03 1.414e-03 6.721e-03 -1.000 1.539e-02 0.341 2.788 1.815 0.748 0.128 -0.369 -1.102 -1.684 -1.768
0.0152 0.01508 9.69897 1.2630591393 2.5150779163    1.221  1.797  3.6685  2.354    4  0.000  0.416     0.00     0.00     0.00     0.00     0.00 -1    -1e-30      0.00 6.874e-01 2.972e-01 2.099e-03 1.414e-03 6.721e-03 -1.000 1.539e-02 0.278 2.787 1.780 0.700 0.071 -0.430 -1.172 -1.761 -1.846
0.0152 0.01508 9.69897 1.2632646561 2.5151030537    1.221  1.836  3.6650  2.301    4  0.000  0.416     0.00     0.00     0.00     0.00     0.00 -1    -1e-30      0.00 6.874e-01 2.972e-01 2.099e-03 1.414e-03 6.721e-03 -1.000 1.539e-02 0.180 2.783 1.726 0.624 -0.016 -0.526 -1.282 -1.882 -1.969
0.0152 0.01508 9.69897 1.2633635998 2.5151151525    1.222  1.875  3.6615  2.249    4  0.000  0.416     0.00     0.00     0.00     0.00     0.00 -1    -1e-30      0.00 6.874e-01 2.972e-01 2.099e-03 1.414e-03 6.721e-03 -1.000 1.539e-02 0.084 2.779 1.674 0.551 -0.102 -0.619 -1.388 -1.998 -2.087
0.0152 0.01508 9.69897 1.2634142637 2.5151213468    1.222  1.913  3.6582  2.197    4  0.000  0.416     0.00     0.00     0.00     0.00     0.00 -1    -1e-30      0.00 6.874e-01 2.972e-01 2.099e-03 1.414e-03 6.721e-03 -1.000 1.539e-02 -0.011 2.778 1.623 0.480 -0.185 -0.711 -1.493 -2.113 -2.205
0.0152 0.01508 9.69897 1.2634432316 2.5151248883    1.222  1.954  3.6545  2.141    4  0.000  0.416     0.00     0.00     0.00     0.00     0.00 -1    -1e-30      0.00 6.874e-01 2.972e-01 2.099e-03 1.414e-03 6.721e-03 -1.000 1.539e-02 -0.115 2.777 1.568 0.403 -0.276 -0.810 -1.607 -2.238 -2.332
0.0152 0.01508 9.69897 1.2634571791 2.5151265934    1.222  1.994  3.6511  2.087    4  0.000  0.416     0.00     0.00     0.00     0.00     0.00 -1    -1e-30      0.00 6.874e-01 2.972e-01 2.099e-03 1.414e-03 6.721e-03 -1.000 1.539e-02 -0.215 2.777 1.516 0.328 -0.363 -0.906 -1.717 -2.358 -2.454
0.0152 0.01508 9.69897 1.2634649277 2.5151275406    1.222  2.032  3.6477  2.035    4  0.000  0.416     0.00     0.00     0.00     0.00     0.00 -1    -1e-30      0.00 6.874e-01 2.972e-01 2.099e-03 1.414e-03 6.721e-03 -1.000 1.539e-02 -0.311 2.778 1.466 0.258 -0.446 -0.998 -1.822 -2.474 -2.572
0.0152 0.01508 9.69897 1.2634698153 2.5151281381    1.222  2.069  3.6446  1.986    4  0.000  0.416     0.00     0.00     0.00     0.00     0.00 -1    -1e-30      0.00 6.874e-01 2.972e-01 2.099e-03 1.414e-03 6.721e-03 -1.000 1.539e-02 -0.403 2.775 1.420 0.191 -0.525 -1.085 -1.922 -2.582 -2.683
0.0152 0.01508 9.69897 1.2634714842 2.5151283421    1.222  2.085  3.6433  1.966    7  0.000  0.416     0.00     0.00     0.00     0.00     0.00 -1    -1e-30      0.00 6.874e-01 2.972e-01 2.099e-03 1.414e-03 6.721e-03 -1.000 1.539e-02 -0.442 2.766 1.401 0.162 -0.558 -1.121 -1.963 -2.626 -2.729
0.0152 0.01508 9.69897 1.2634739876 2.5151286481    1.222  2.111  3.6411  1.930    7  0.000  0.416     0.00     0.00     0.00     0.00     0.00 -1    -1e-30      0.00 6.874e-01 2.972e-01 2.099e-03 1.414e-03 6.721e-03 -1.000 1.539e-02 -0.507 2.751 1.368 0.111 -0.615 -1.183 -2.034 -2.700 -2.807
0.0152 0.01508 9.69897 1.2634782791 2.5151291727    1.222  2.158  3.6372  1.868    7  0.000  0.416     0.00     0.00     0.00     0.00     0.00 -1    -1e-30      0.00 6.874e-01 2.972e-01 2.099e-03 1.414e-03 6.721e-03 -1.000 1.539e-02 -0.624 2.722 1.309 0.024 -0.713 -1.291 -2.159 -2.832 -2.944
0.0152 0.01508 9.69897 1.2634819746 2.5151296245    1.222  2.195  3.6341  1.819    7  0.000  0.416     0.00     0.00     0.00     0.00     0.00 -1    -1e-30      0.00 6.874e-01 2.972e-01 2.099e-03 1.414e-03 6.721e-03 -1.000 1.539e-02 -0.717 2.697 1.262 -0.045 -0.789 -1.377 -2.257 -2.936 -3.053
0.0152 0.01508 9.69897 1.2634911537 2.5151307465    1.222  2.207  3.6331  1.802    7  0.000  0.416     0.00     0.00     0.00     0.00     0.00 -1    -1e-30      0.00 6.874e-01 2.972e-01 2.099e-03 1.414e-03 6.721e-03 -1.000 1.539e-02 -0.748 2.687 1.245 -0.068 -0.816 -1.405 -2.290 -2.970 -3.089
0.0152 0.01508 9.69897 1.2634974718 2.5151315189    1.222  2.179  3.6355  1.840    7  0.000  0.416     0.00     0.00     0.00     0.00     0.00 -1    -1e-30      0.00 6.874e-01 2.972e-01 2.099e-03 1.415e-03 6.721e-03 -1.000 1.539e-02 -0.677 2.706 1.281 -0.016 -0.757 -1.340 -2.215 -2.891 -3.006
0.0152 0.01508 9.69897 1.2635136843 2.5151335006    1.222  2.144  3.6384  1.886    7  0.000  0.416     0.00     0.00     0.00     0.00     0.00 -1 -1.58e-30      0.00 6.874e-01 2.972e-01 2.099e-03 1.415e-03 6.721e-03 -1.000 1.540e-02 -0.591 2.728 1.324 0.048 -0.685 -1.261 -2.123 -2.794 -2.904
0.0152 0.01508 9.69897 1.2636556625 2.5151508531    1.222  2.136  3.6391  1.897    7  0.000  0.416     0.00     0.00     0.00     0.00     0.00 -1 -3.96e-15      0.00 6.874e-01 2.966e-01 2.099e-03 1.415e-03 6.721e-03 -1.000 1.600e-02 -0.570 2.735 1.336 0.064 -0.667 -1.241 -2.101 -2.770 -2.880
0.0152 0.01508 9.69897 1.2637771368 2.5151656960    1.221  2.172  3.6360  1.849    7  0.000  0.416     0.00     0.00     0.00     0.00     0.00 -1 -4.38e-10      0.00 6.874e-01 2.964e-01 2.099e-03 1.415e-03 6.721e-03 -1.000 1.619e-02 -0.660 2.714 1.292 -0.002 -0.742 -1.324 -2.197 -2.872 -2.986
0.0152 0.01508 9.69897 1.2638748884 2.5151776379    1.221  2.215  3.6323  1.791    7  0.000  0.416     0.00     0.00     0.00     0.00     0.00 -1 -5.44e-10      0.00 6.874e-01 2.964e-01 2.098e-03 1.415e-03 6.721e-03 -1.000 1.619e-02 -0.768 2.685 1.237 -0.082 -0.831 -1.423 -2.312 -2.993 -3.113
0.0152 0.01508 9.69897 1.2639555931 2.5151874957    1.220  2.257  3.6288  1.735    7  0.000  0.416     0.00     0.00     0.00     0.00     0.00 -1 -6.72e-10      0.00 6.874e-01 2.964e-01 2.098e-03 1.415e-03 6.721e-03 -1.000 1.619e-02 -0.872 2.653 1.183 -0.159 -0.917 -1.519 -2.423 -3.110 -3.236
0.0152 0.01508 9.69897 1.2640235424 2.5151957943    1.220  2.299  3.6253  1.679    7  0.000  0.416     0.00     0.00     0.00     0.00     0.00 -1 -8.29e-10      0.00 6.874e-01 2.964e-01 2.098e-03 1.415e-03 6.721e-03 -1.000 1.619e-02 -0.976 2.618 1.130 -0.235 -1.001 -1.614 -2.533 -3.226 -3.359
0.0152 0.01508 9.69897 1.2640817165 2.5152028982    1.219  2.340  3.6218  1.624    7  0.000  0.416     0.00     0.00     0.00     0.00     0.00 -1 -1.02e-09      0.00 6.874e-01 2.964e-01 2.098e-03 1.415e-03 6.721e-03 -1.000 1.619e-02 -1.079 2.582 1.076 -0.309 -1.084 -1.707 -2.642 -3.341 -3.480
0.0152 0.01508 9.69897 1.2641326189 2.5152091135    1.218  2.381  3.6183  1.568    7  0.000  0.416     0.00     0.00     0.00     0.00     0.00 -1 -1.25e-09      0.00 6.874e-01 2.964e-01 2.098e-03 1.415e-03 6.721e-03 -1.000 1.619e-02 -1.182 2.544 1.022 -0.383 -1.165 -1.799 -2.750 -3.456 -3.602
0.0152 0.01508 9.69897 1.2641767263 2.5152144987    1.218  2.422  3.6149  1.513    7  0.000  0.416     0.00     0.00     0.00     0.00     0.00 -1 -1.54e-09      0.00 6.874e-01 2.964e-01 2.098e-03 1.415e-03 6.721e-03 -1.000 1.619e-02 -1.284 2.505 0.968 -0.454 -1.244 -1.890 -2.858 -3.569 -3.723
0.0152 0.01508 9.69897 1.2642159462 2.5152192868    1.217  2.462  3.6114  1.459    7  0.000  0.416     0.00     0.00     0.00     0.00     0.00 -1 -1.88e-09      0.00 6.874e-01 2.964e-01 2.098e-03 1.415e-03 6.721e-03 -1.000 1.619e-02 -1.386 2.503 0.923 -0.520 -1.323 -1.982 -2.966 -3.687 -3.846
0.0152 0.01508 9.69897 1.2642513514 2.5152236089    1.216  2.503  3.6079  1.404    7  0.000  0.416     9.53     7.07     5.01     3.83     3.11  4  -2.3e-09      0.00 6.874e-01 2.964e-01 2.098e-03 1.415e-03 6.721e-03 -1.000 1.619e-02 -1.487 2.513 0.882 -0.581 -1.398 -2.074 -3.075 -3.806 -3.970
0.0152 0.01508 9.69897 1.2642838955 2.5152275815    1.215  2.543  3.6044  1.349    7  0.000  0.416    10.66     7.81     5.51     4.21     3.42  4  -2.8e-09      0.00 6.874e-01 2.964e-01 2.098e-03 1.415e-03 6.721e-03 -1.000 1.617e-02 -1.587 2.523 0.844 -0.639 -1.471 -2.166 -3.184 -3.924 -4.093
0.0152 0.01508 9.69897 1.2643140554 2.5152312628    1.214  2.583  3.6000  1.291    7  0.000  0.416    12.01     8.67     6.09     4.66     3.79  4 -3.41e-09      0.00 6.874e-01 2.964e-01 2.097e-03 1.415e-03 6.721e-03 -1.000 1.617e-02 -1.687 2.558 0.820 -0.685 -1.536 -2.254 -3.293 -4.046 -4.222
0.0152 0.01508 9.69897 1.2643357515 2.5152339109    1.213  2.613  3.5946  1.239    7  0.000  0.416    13.36     9.52     6.66     5.11     4.15  4 -3.94e-09      0.00 6.874e-01 2.964e-01 2.096e-03 1.416e-03 6.721e-03 -1.000 1.617e-02 -1.763 2.621 0.838 -0.686 -1.560 -2.314 -3.381 -4.150 -4.333
0.0152 0.01508 9.69897 1.2643629313 2.5152372282    1.211  2.653  3.5905  1.182    7  0.000  0.415    15.02    10.55     7.34     5.64     4.59  4 -4.78e-09      0.00 6.874e-01 2.964e-01 2.095e-03 1.417e-03 6.721e-03 -1.000 1.617e-02 -1.863 2.640 0.814 -0.728 -1.620 -2.402 -3.490 -4.271 -4.459
0.0152 0.01508 9.69897 1.2643883228 2.5152403271    1.210  2.693  3.5869  1.127    7  0.000  0.415    16.82    11.65     8.08     6.21     5.05  3 -5.79e-09      0.00 6.874e-01 2.964e-01 2.091e-03 1.421e-03 6.721e-03 -1.000 1.619e-02 -1.963 2.644 0.786 -0.769 -1.678 -2.490 -3.599 -4.389 -4.583
0.0152 0.01508 9.69897 1.2644122839 2.5152432513    1.208  2.733  3.5832  1.072    7  0.000  0.414    18.83    12.87     8.88     6.84     5.56  3 -6.95e-09      0.00 6.874e-01 2.964e-01 2.086e-03 1.427e-03 6.721e-03 -1.000 1.619e-02 -2.062 2.650 0.762 -0.806 -1.733 -2.577 -3.707 -4.506 -4.706
0.0152 0.01508 9.69897 1.2644364834 2.5152462044    1.206  2.773  3.5793  1.016    7  0.000  0.413    21.14    14.24     9.78     7.55     6.14  3 -8.42e-09      0.00 6.874e-01 2.964e-01 2.081e-03 1.433e-03 6.721e-03 -1.000 1.619e-02 -2.162 2.658 0.743 -0.838 -1.785 -2.663 -3.816 -4.626 -4.832
0.0152 0.01508 9.69897 1.2644592524 2.5152489828    1.203  2.813  3.5751  0.957    7  0.000  0.412    23.81    15.81    10.81     8.36     6.80  3 -1.02e-08      0.00 6.874e-01 2.964e-01 2.076e-03 1.438e-03 6.721e-03 -1.000 1.619e-02 -2.263 2.665 0.736 -0.852 -1.823 -2.749 -3.929 -4.749 -4.961
0.0152 0.01508 9.69897 1.2644767761 2.5152511211    1.201  2.855  3.5710  0.899    7  0.000  0.411    26.84    17.56    11.95     9.25     7.53  3 -1.24e-08      0.00 6.874e-01 2.964e-01 2.072e-03 1.443e-03 6.721e-03 -1.000 1.619e-02 -2.366 2.674 0.729 -0.866 -1.862 -2.836 -4.043 -4.872 -5.091
0.0152 0.01508 9.69897 1.2644879818 2.5152524884    1.199  2.893  3.5670  0.844    7  0.000  0.410    30.08    19.41    13.14    10.19     8.30  3 -1.49e-08      0.00 6.874e-01 2.964e-01 2.069e-03 1.447e-03 6.721e-03 -1.000 1.620e-02 -2.463 2.679 0.735 -0.861 -1.884 -2.914 -4.152 -4.989 -5.214
0.0152 0.01508 9.69897 1.2644966841 2.5152535503    1.197  2.931  3.5630  0.789    7  0.000  0.410    33.62    21.40    14.43    11.21     9.12  3 -1.76e-08      0.00 6.874e-01 2.964e-01 2.066e-03 1.451e-03 6.721e-03 -1.000 1.621e-02 -2.557 2.685 0.748 -0.846 -1.899 -2.987 -4.257 -5.103 -5.335
0.0152 0.01508 9.69897 1.2645044327 2.5152544957    1.195  2.969  3.5588  0.734    7  0.000  0.409    37.67    23.65    15.87    12.35    10.05  2 -2.09e-08      0.00 6.874e-01 2.964e-01 2.063e-03 1.454e-03 6.721e-03 -1.000 1.621e-02 -2.652 2.692 0.770 -0.821 -1.906 -3.059 -4.365 -5.219 -5.458
0.0152 0.01508 9.69897 1.2645115852 2.5152553684    1.193  3.007  3.5545  0.678    7  0.000  0.409    42.25    26.15    17.47    13.61    11.09  2 -2.48e-08      0.00 6.874e-01 2.964e-01 2.061e-03 1.457e-03 6.721e-03 -1.000 1.623e-02 -2.747 2.698 0.807 -0.773 -1.900 -3.124 -4.472 -5.335 -5.581
0.0152 0.01508 9.69897 1.2645182610 2.5152561830    1.191  3.044  3.5502  0.623    7  0.000  0.409    47.29    28.86    19.19    14.98    12.20  2 -2.92e-08      0.00 6.873e-01 2.964e-01 2.060e-03 1.459e-03 6.721e-03 -1.000 1.622e-02 -2.839 2.705 0.847 -0.723 -1.890 -3.187 -4.577 -5.449 -5.702
0.0152 0.01508 9.69897 1.2645243406 2.5152569247    1.188  3.080  3.5460  0.569    7  0.000  0.408    52.85    31.81    21.06    16.46    13.41  2 -3.45e-08      0.00 6.873e-01 2.964e-01 2.059e-03 1.460e-03 6.721e-03 -1.000 1.622e-02 -2.930 2.709 0.906 -0.646 -1.864 -3.236 -4.682 -5.560 -5.820
0.0152 0.01508 9.69897 1.2645308971 2.5152577247    1.185  3.118  3.5412  0.511    7  0.000  0.408    59.57    35.33    23.28    18.22    14.85  2  -4.1e-08      0.00 6.873e-01 2.964e-01 2.058e-03 1.461e-03 6.721e-03 -1.000 1.622e-02 -3.025 2.718 0.979 -0.552 -1.828 -3.285 -4.793 -5.679 -5.947
0.0152 0.01508 9.69897 1.2645380497 2.5152585974    1.181  3.157  3.5363  0.451    7  0.000  0.408    67.35    39.34    25.79    20.23    16.49  2 -4.86e-08      0.00 6.873e-01 2.964e-01 2.058e-03 1.461e-03 6.721e-03 -1.000 1.622e-02 -3.123 2.728 1.081 -0.423 -1.772 -3.320 -4.906 -5.800 -6.077
0.0152 0.01508 9.69897 1.2645462751 2.5152596009    1.176  3.196  3.5312  0.389    7  0.000  0.408    76.39    43.92    28.65    22.51    18.35  2 -5.84e-08      0.00 6.873e-01 2.964e-01 2.058e-03 1.461e-03 6.721e-03 -1.000 1.622e-02 -3.220 2.742 1.199 -0.275 -1.704 -3.346 -5.022 -5.922 -6.208
0.0152 0.01508 9.69897 1.2645543814 2.5152605899    1.169  3.231  3.5265  0.332    7  0.000  0.408    85.76    48.59    31.55    24.83    20.25  2 -6.86e-08      0.00 6.873e-01 2.964e-01 2.058e-03 1.461e-03 6.721e-03 -1.000 1.622e-02 -3.308 2.755 1.335 -0.105 -1.623 -3.345 -5.126 -6.031 -6.327
0.0152 0.01508 9.69897 1.2645581961 2.5152610553    1.166  3.250  3.5238  0.301    7  0.000  0.408    91.38    51.35    33.26    26.20    21.37  2 -7.54e-08      0.00 6.873e-01 2.964e-01 2.058e-03 1.461e-03 6.721e-03 -1.000 1.622e-02 -3.356 2.762 1.416 -0.004 -1.575 -3.339 -5.184 -6.091 -6.392
0.0152 0.01508 9.69897 1.2645602226 2.5152613026    1.164  3.227  3.5267  0.336    7  0.000  0.408    85.08    48.23    31.33    24.65    20.11  2 -6.83e-08      0.00 6.873e-01 2.964e-01 2.057e-03 1.462e-03 6.721e-03 -1.000 1.622e-02 -3.297 2.760 1.333 -0.109 -1.622 -3.339 -5.115 -6.019 -6.315
0.0152 0.01508 9.69897 1.2645605803 2.5152613462    1.163  3.196  3.5307  0.382    7  0.000  0.408    77.30    44.35    28.91    22.73    18.53  2 -6.03e-08      0.00 6.873e-01 2.964e-01 2.057e-03 1.462e-03 6.721e-03 -1.000 1.622e-02 -3.221 2.753 1.221 -0.250 -1.688 -3.340 -5.024 -5.925 -6.212
0.0152 0.01508 9.69897 1.2645606995 2.5152613608    1.163  3.191  3.5314  0.390    7  0.000  0.408    76.03    43.71    28.52    22.41    18.27  2 -5.89e-08      0.00 6.873e-01 2.964e-01 2.057e-03 1.462e-03 6.721e-03 -1.000 1.622e-02 -3.207 2.752 1.206 -0.269 -1.696 -3.336 -5.009 -5.908 -6.194
0.0152 0.01508 9.69897 1.2645608187 2.5152613753    1.163  3.162  3.5349  0.433    7  0.000  0.408    69.58    40.45    26.48    20.79    16.94  2 -5.21e-08      0.00 6.873e-01 2.964e-01 2.057e-03 1.462e-03 6.721e-03 -1.000 1.622e-02 -3.135 2.747 1.129 -0.367 -1.738 -3.312 -4.924 -5.820 -6.099
0.0152 0.01508 9.69897 1.2645609379 2.5152613898    1.163  3.200  3.5302  0.376    7  0.000  0.408    78.24    44.82    29.21    22.96    18.72  2 -6.13e-08      0.00 6.873e-01 2.964e-01 2.057e-03 1.462e-03 6.721e-03 -1.000 1.622e-02 -3.230 2.754 1.233 -0.235 -1.681 -3.342 -5.035 -5.937 -6.225
0.0152 0.01508 9.69897 1.2645611763 2.5152614189    1.163  3.209  3.5290  0.362    7  0.000  0.408    80.50    45.95    29.91    23.52    19.18  2 -6.37e-08      0.00 6.873e-01 2.964e-01 2.057e-03 1.462e-03 6.721e-03 -1.000 1.622e-02 -3.253 2.756 1.266 -0.193 -1.661 -3.342 -5.062 -5.965 -6.255
0.0152 0.01508 9.69897 1.2645614147 2.5152614480    1.163  3.234  3.5258  0.325    7  0.000  0.408    86.97    49.17    31.90    25.12    20.49  2 -7.07e-08      0.00 6.873e-01 2.964e-01 2.057e-03 1.462e-03 6.721e-03 -1.000 1.622e-02 -3.314 2.762 1.360 -0.074 -1.606 -3.337 -5.135 -6.040 -6.337
0.0152 0.01508 9.69897 1.2645616531 2.5152614771    1.162  3.260  3.5223  0.284    7  0.000  0.408    94.66    52.95    34.25    26.99    22.02  2 -7.88e-08      0.00 6.873e-01 2.964e-01 2.057e-03 1.462e-03 6.721e-03 -1.000 1.622e-02 -3.381 2.770 1.467 0.059 -1.542 -3.331 -5.214 -6.123 -6.428
0.0152 0.01508 9.69897 1.2645620108 2.5152615207    1.162  3.291  3.5182  0.237    7  0.000  0.408   104.30    57.64    37.14    29.30    23.91  2 -8.95e-08      0.00 6.873e-01 2.964e-01 2.057e-03 1.462e-03 6.721e-03 -1.000 1.622e-02 -3.458 2.778 1.604 0.233 -1.458 -3.309 -5.304 -6.218 -6.530
0.0152 0.01508 9.69897 1.2645624876 2.5152615789    1.161  3.324  3.5137  0.186    7  0.000  0.408   115.82    63.18    40.54    32.03    26.14  1 -1.02e-07      0.00 6.873e-01 2.964e-01 2.057e-03 1.462e-03 6.721e-03 -1.000 1.622e-02 -3.539 2.792 1.780 0.462 -1.339 -3.256 -5.400 -6.319 -6.641
0.0152 0.01508 9.69897 1.2645630836 2.5152616516    1.161  3.355  3.5094  0.138    7  0.000  0.408   128.00    68.95    44.07    34.87    28.46  1 -1.17e-07      0.00 6.873e-01 2.964e-01 2.057e-03 1.462e-03 6.721e-03 -1.000 1.622e-02 -3.616 2.804 1.945 0.676 -1.228 -3.207 -5.491 -6.414 -6.745
0.0152 0.01508 9.69897 1.2645637989 2.5152617389    1.160  3.387  3.5047  0.086    7  0.000  0.408   142.42    75.69    48.17    38.17    31.16  0 -1.34e-07      0.00 6.873e-01 2.964e-01 2.057e-03 1.462e-03 6.721e-03 -1.000 1.622e-02 -3.698 2.808 2.091 0.865 -1.130 -3.158 -5.588 -6.515 -6.855
0.0152 0.01508 9.69897 1.2645646334 2.5152618407    1.158  3.418  3.5002  0.037    7  0.000  0.408   157.70    82.74    52.45    41.61    33.98  0 -1.51e-07      0.00 6.873e-01 2.964e-01 2.057e-03 1.462e-03 6.721e-03 -1.000 1.622e-02 -3.775 2.820 2.252 1.073 -1.019 -3.096 -5.678 -6.611 -6.960
0.0152 0.01508 9.69897 1.2645659447 2.5152620007    1.155  3.447  3.4957 -0.012    7  0.528  0.408   174.11    90.21    56.95    45.25    36.96  0 -1.72e-07      0.00 6.873e-01 2.964e-01 2.057e-03 1.462e-03 6.721e-03 -1.000 1.622e-02 -3.848 2.829 2.393 1.242 -0.924 -3.033 -5.764 -6.703 -7.059
0.0152 0.01508 9.69897 1.2645668983 2.5152621170    1.153  3.462  3.4933 -0.037    8  0.528  0.429   183.52    94.44    59.50    47.31    38.64  0 -1.84e-07      0.00 6.873e-01 2.973e-01 2.166e-03 1.463e-03 6.736e-03 -1.000 1.538e-02 -3.886 2.835 2.470 1.333 -0.873 -2.999 -5.809 -6.750 -7.111
0.0152 0.01508 9.69897 1.2645670176 2.5152621316    1.152  3.208  3.5276  0.354    8  0.528  0.429    81.78    46.57    30.29    23.83    19.43  2 -6.51e-08      0.00 6.873e-01 2.973e-01 2.166e-03 1.463e-03 6.736e-03 -1.000 1.538e-02 -3.250 2.782 1.335 -0.111 -1.606 -3.309 -5.064 -5.968 -6.262
0.0152 0.01508 9.69897 1.2645671368 2.5152621461    1.152  3.101  3.5417  0.517    8  0.528  0.429    58.42    34.69    22.87    17.91    14.60  2 -4.17e-08      0.00 6.873e-01 2.973e-01 2.166e-03 1.463e-03 6.736e-03 -1.000 1.538e-02 -2.984 2.750 1.006 -0.527 -1.797 -3.248 -4.750 -5.635 -5.903
0.0152 0.01508 9.69897 1.2645673752 2.5152621752    1.151  2.920  3.5656  0.794    8  0.528  0.429    32.92    21.01    14.16    11.01     8.96  3  -1.9e-08      0.00 6.873e-01 2.973e-01 2.166e-03 1.463e-03 6.736e-03 -1.000 1.538e-02 -2.529 2.671 0.713 -0.889 -1.924 -2.973 -4.222 -5.061 -5.290
0.0152 0.01508 9.69897 1.2645678520 2.5152622334    1.150  2.938  3.5629  0.764    8  0.528  0.429    35.01    22.17    14.91    11.60     9.44  2 -2.07e-08      0.00 6.873e-01 2.973e-01 2.166e-03 1.463e-03 6.736e-03 -1.000 1.538e-02 -2.576 2.686 0.736 -0.864 -1.918 -3.006 -4.277 -5.122 -5.355
0.0152 0.01508 9.69897 1.2645683289 2.5152622916    1.149  3.055  3.5472  0.584    8  0.528  0.429    50.83    30.72    20.35    15.92    12.97  2 -3.45e-08      0.00 6.873e-01 2.973e-01 2.166e-03 1.463e-03 6.736e-03 -1.000 1.538e-02 -2.869 2.744 0.925 -0.633 -1.836 -3.187 -4.617 -5.493 -5.751
0.0152 0.01508 9.69897 1.2645690441 2.5152623788    1.148  3.211  3.5262  0.344    8  0.528  0.429    83.34    47.33    30.76    24.21    19.74  2 -6.65e-08      0.00 6.873e-01 2.973e-01 2.166e-03 1.463e-03 6.736e-03 -1.000 1.538e-02 -3.256 2.798 1.390 -0.044 -1.565 -3.289 -5.075 -5.981 -6.277
0.0152 0.01508 9.69897 1.2645698786 2.5152624806    1.146  3.341  3.5086  0.143    8  0.529  0.429   126.43    68.14    43.56    34.47    28.14  1 -1.14e-07      0.00 6.873e-01 2.973e-01 2.166e-03 1.463e-03 6.736e-03 -1.000 1.538e-02 -3.582 2.840 2.011 0.754 -1.164 -3.151 -5.459 -6.384 -6.716
0.0152 0.01508 9.69897 1.2645708323 2.5152625970    1.144  3.425  3.4970  0.012    8  0.529  0.429   165.57    86.25    54.55    43.33    35.38  0 -1.61e-07      0.00 6.873e-01 2.973e-01 2.166e-03 1.463e-03 6.736e-03 -1.000 1.538e-02 -3.791 2.853 2.381 1.224 -0.919 -3.017 -5.704 -6.641 -6.995
0.0152 0.01508 9.69897 1.2645719051 2.5152627279    1.142  3.467  3.4909 -0.056    8  0.529  0.429   190.40    97.43    61.28    48.77    39.83  0 -1.91e-07      0.00 6.873e-01 2.973e-01 2.166e-03 1.463e-03 6.736e-03 -1.000 1.538e-02 -3.897 2.861 2.570 1.450 -0.795 -2.937 -5.828 -6.772 -7.138
0.0152 0.01508 9.69897 1.2645730972 2.5152628733    1.139  3.485  3.4879 -0.086    8  0.530  0.429   201.07   102.89    64.56    51.42    42.00  0 -2.07e-07      0.00 6.873e-01 2.973e-01 2.166e-03 1.463e-03 6.736e-03 -1.000 1.538e-02 -3.942 2.866 2.637 1.512 -0.758 -2.911 -5.882 -6.828 -7.198
0.0152 0.01508 9.69897 1.2645744085 2.5152630333    1.137  3.493  3.4862 -0.103    8  0.530  0.429   205.93   105.93    66.37    52.89    43.21  0 -2.15e-07      0.00 6.873e-01 2.973e-01 2.166e-03 1.463e-03 6.736e-03 -1.000 1.538e-02 -3.962 2.872 2.674 1.541 -0.738 -2.894 -5.908 -6.855 -7.228
0.0152 0.01508 9.69897 1.2645744085 2.5152630333    1.136  3.304  3.5112  0.186    8  0.530  0.429   115.29    62.81    40.29    31.86    26.00  1    -1e-07      0.00 6.873e-01 2.973e-01 2.166e-03 1.463e-03 6.736e-03 -1.000 1.538e-02 -3.490 2.869 1.960 0.679 -1.179 -3.132 -5.358 -6.281 -6.607
0.0152 0.01508 9.69897 1.2645746469 2.5152630624    1.136  3.140  3.5330  0.437    8  0.530  0.429    68.57    39.89    26.11    20.51    16.72  2 -5.07e-08      0.00 6.873e-01 2.973e-01 2.166e-03 1.463e-03 6.736e-03 -1.000 1.538e-02 -3.079 2.822 1.256 -0.221 -1.620 -3.229 -4.874 -5.773 -6.055
0.0152 0.01508 9.69897 1.2645748854 2.5152630914    1.135  2.958  3.5570  0.715    8  0.530  0.429    38.65    24.16    16.18    12.62    10.27  2 -2.34e-08      0.00 6.873e-01 2.973e-01 2.166e-03 1.463e-03 6.736e-03 -1.000 1.538e-02 -2.626 2.757 0.850 -0.735 -1.838 -3.021 -4.344 -5.202 -5.444
0.0152 0.01508 9.69897 1.2645753622 2.5152631496    1.134  2.978  3.5543  0.684    8  0.530  0.429    41.12    25.51    17.04    13.30    10.83  2 -2.55e-08      0.00 6.873e-01 2.973e-01 2.166e-03 1.463e-03 6.736e-03 -1.000 1.538e-02 -2.674 2.767 0.883 -0.696 -1.823 -3.050 -4.400 -5.264 -5.509
0.0152 0.01508 9.69897 1.2645759583 2.5152632223    1.133  3.094  3.5388  0.506    8  0.530  0.429    59.50    35.23    23.19    18.19    14.82  2 -4.21e-08      0.00 6.873e-01 2.973e-01 2.166e-03 1.463e-03 6.736e-03 -1.000 1.538e-02 -2.964 2.813 1.128 -0.384 -1.692 -3.194 -4.739 -5.630 -5.901
0.0152 0.01508 9.69897 1.2645766735 2.5152633096    1.131  3.247  3.5181  0.269    8  0.531  0.429    97.08    54.03    34.89    27.53    22.46  2 -8.02e-08      0.00 6.873e-01 2.973e-01 2.166e-03 1.463e-03 6.736e-03 -1.000 1.538e-02 -3.348 2.862 1.703 0.342 -1.346 -3.197 -5.194 -6.109 -6.420
0.0152 0.01508 9.69897 1.2645775080 2.5152634114    1.129  3.376  3.5007  0.069    8  0.531  0.429   146.75    77.51    49.24    39.07    31.89  0 -1.37e-07      0.00 6.873e-01 2.973e-01 2.166e-03 1.463e-03 6.736e-03 -1.000 1.538e-02 -3.671 2.888 2.308 1.130 -0.944 -3.013 -5.573 -6.505 -6.851
0.0152 0.01508 9.69897 1.2645784616 2.5152635278    1.127  3.459  3.4892 -0.061    8  0.531  0.429   191.89    97.95    61.58    49.03    40.04  0 -1.92e-07      0.00 6.873e-01 2.973e-01 2.166e-03 1.463e-03 6.736e-03 -1.000 1.538e-02 -3.879 2.896 2.644 1.530 -0.731 -2.879 -5.814 -6.760 -7.128
0.0152 0.01508 9.69897 1.2645795345 2.5152636586    1.124  3.502  3.4832 -0.129    8  0.532  0.429   213.24   110.67    69.19    55.19    45.09  0 -2.29e-07      0.00 6.873e-01 2.973e-01 2.166e-03 1.463e-03 6.736e-03 -1.000 1.538e-02 -3.985 2.894 2.748 1.602 -0.692 -2.854 -5.939 -6.889 -7.267
0.0152 0.01508 9.69897 1.2645807266 2.5152638041    1.121  3.521  3.4802 -0.160    8  0.532  0.429   223.37   117.05    72.99    58.27    47.62  0 -2.48e-07      0.00 6.873e-01 2.973e-01 2.166e-03 1.463e-03 6.736e-03 -1.000 1.538e-02 -4.031 2.897 2.802 1.640 -0.668 -2.836 -5.994 -6.946 -7.329
0.0152 0.01508 9.69897 1.2645821571 2.5152639786    1.118  3.530  3.4785 -0.178    8  0.533  0.429   229.18   120.75    75.19    60.07    49.08  0 -2.59e-07      0.00 6.873e-01 2.973e-01 2.166e-03 1.463e-03 6.736e-03 -1.000 1.538e-02 -4.055 2.900 2.830 1.659 -0.657 -2.829 -6.023 -6.975 -7.361
0.0152 0.01508 9.69897 1.2645822763 2.5152639931    1.117  3.349  3.5028  0.100    8  0.533  0.429   137.27    73.05    46.52    36.89    30.11  0 -1.26e-07      0.00 6.873e-01 2.973e-01 2.166e-03 1.463e-03 6.736e-03 -1.000 1.538e-02 -3.602 2.907 2.261 1.064 -0.964 -3.010 -5.498 -6.428 -6.770
0.0152 0.01508 9.69897 1.2645823956 2.5152640077    1.117  3.186  3.5246  0.351    8  0.533  0.429    81.73    46.45    30.19    23.78    19.39  2 -6.45e-08      0.00 6.873e-01 2.973e-01 2.166e-03 1.463e-03 6.736e-03 -1.000 1.538e-02 -3.194 2.872 1.520 0.104 -1.445 -3.193 -5.018 -5.927 -6.225
0.0152 0.01508 9.69897 1.2645827532 2.5152640513    1.116  3.005  3.5489  0.629    8  0.533  0.429    45.96    28.10    18.68    14.61    11.89  2 -3.01e-08      0.00 6.873e-01 2.973e-01 2.166e-03 1.463e-03 6.736e-03 -1.000 1.538e-02 -2.742 2.813 0.982 -0.578 -1.758 -3.078 -4.484 -5.359 -5.612
0.0152 0.01508 9.69897 1.2645833492 2.5152641240    1.114  3.024  3.5463  0.599    8  0.533  0.429    48.89    29.66    19.67    15.39    12.54  2 -3.28e-08      0.00 6.873e-01 2.973e-01 2.166e-03 1.463e-03 6.736e-03 -1.000 1.538e-02 -2.789 2.822 1.028 -0.519 -1.732 -3.099 -4.540 -5.419 -5.677
0.0152 0.01508 9.69897 1.2645839453 2.5152641967    1.112  3.138  3.5308  0.422    8  0.533  0.429    70.49    40.81    26.68    20.98    17.10  2 -5.34e-08      0.00 6.873e-01 2.973e-01 2.166e-03 1.463e-03 6.736e-03 -1.000 1.538e-02 -3.074 2.866 1.349 -0.112 -1.545 -3.193 -4.876 -5.779 -6.064
0.0152 0.01508 9.69897 1.2645847797 2.5152642985    1.110  3.288  3.5102  0.188    8  0.534  0.429   114.31    62.23    39.91    31.58    25.76  1 -9.99e-08      0.00 6.873e-01 2.973e-01 2.166e-03 1.463e-03 6.736e-03 -1.000 1.538e-02 -3.450 2.918 2.048 0.782 -1.098 -3.064 -5.321 -6.246 -6.574
0.0152 0.01508 9.69897 1.2645857334 2.5152644149    1.107  3.415  3.4928 -0.009    8  0.534  0.429   171.89    88.81    56.05    44.59    36.41  0 -1.68e-07      0.00 6.873e-01 2.973e-01 2.166e-03 1.463e-03 6.736e-03 -1.000 1.538e-02 -3.766 2.931 2.583 1.458 -0.747 -2.872 -5.691 -6.633 -6.994
0.0152 0.01508 9.69897 1.2645869255 2.5152645603    1.104  3.496  3.4815 -0.137    8  0.535  0.429   214.47   111.81    69.84    55.76    45.55  0 -2.34e-07      0.00 6.873e-01 2.973e-01 2.166e-03 1.463e-03 6.736e-03 -1.000 1.538e-02 -3.969 2.928 2.813 1.660 -0.639 -2.804 -5.928 -6.879 -7.260
0.0152 0.01508 9.69897 1.2645882368 2.5152647203    1.100  3.537  3.4755 -0.203    8  0.535  0.429   236.98   126.02    78.29    62.62    51.17  0 -2.78e-07      0.00 6.873e-01 2.973e-01 2.166e-03 1.463e-03 6.736e-03 -1.000 1.538e-02 -4.072 2.926 2.896 1.711 -0.616 -2.795 -6.048 -7.003 -7.392
0.0152 0.01508 9.69897 1.2645896673 2.5152648948    1.096  3.554  3.4726 -0.234    8  0.536  0.429   247.89   133.05    82.45    66.01    53.94  0 -3.01e-07      0.00 6.873e-01 2.973e-01 2.166e-03 1.463e-03 6.736e-03 -1.000 1.538e-02 -4.116 2.927 2.936 1.735 -0.603 -2.789 -6.100 -7.056 -7.450
0.0152 0.01508 9.69897 1.2645913363 2.5152650984    1.092  3.563  3.4710 -0.251    8  0.537  0.429   253.97   137.04    84.80    67.93    55.52  0 -3.15e-07      0.00 6.873e-01 2.973e-01 2.166e-03 1.463e-03 6.736e-03 -1.000 1.538e-02 -4.138 2.932 2.963 1.752 -0.591 -2.782 -6.126 -7.083 -7.479
0.0152 0.01508 9.69897 1.2645914555 2.5152651130    1.091  3.393  3.4944  0.013    8  0.537  0.429   163.90    85.06    53.78    42.78    34.92  0  -1.6e-07      0.00 6.873e-01 2.973e-01 2.166e-03 1.463e-03 6.736e-03 -1.000 1.538e-02 -3.712 2.952 2.558 1.424 -0.753 -2.867 -5.631 -6.572 -6.929
0.0152 0.01508 9.69897 1.2645915747 2.5152651275    1.090  3.231  3.5166  0.263    8  0.537  0.429    97.59    54.13    34.92    27.60    22.50  2 -8.34e-08      0.00 6.873e-01 2.973e-01 2.166e-03 1.463e-03 6.736e-03 -1.000 1.538e-02 -3.308 2.924 1.824 0.484 -1.239 -3.112 -5.159 -6.076 -6.390
0.0152 0.01508 9.69897 1.2645919323 2.5152651711    1.089  3.050  3.5414  0.542    8  0.537  0.429    54.63    32.64    21.55    16.90    13.76  2 -3.94e-08      0.00 6.873e-01 2.973e-01 2.166e-03 1.463e-03 6.736e-03 -1.000 1.538e-02 -2.856 2.860 1.134 -0.390 -1.662 -3.117 -4.622 -5.510 -5.776
0.0152 0.01508 9.69897 1.2645925283 2.5152652438    1.087  3.069  3.5387  0.512    8  0.537  0.429    58.14    34.46    22.69    17.81    14.51  2 -4.29e-08      0.00 6.873e-01 2.973e-01 2.166e-03 1.463e-03 6.736e-03 -1.000 1.538e-02 -2.902 2.870 1.190 -0.320 -1.628 -3.131 -4.677 -5.569 -5.840
0.0152 0.01508 9.69897 1.2645932436 2.5152653311    1.084  3.180  3.5231  0.337    8  0.537  0.429    83.48    47.22    30.65    24.18    19.71  2 -6.87e-08      0.00 6.873e-01 2.973e-01 2.166e-03 1.463e-03 6.736e-03 -1.000 1.538e-02 -3.181 2.915 1.606 0.204 -1.375 -3.148 -5.010 -5.920 -6.221
0.0152 0.01508 9.69897 1.2645940781 2.5152654329    1.081  3.327  3.5025  0.107    8  0.538  0.429   134.51    71.54    45.57    36.17    29.51  0 -1.26e-07      0.00 6.873e-01 2.973e-01 2.166e-03 1.463e-03 6.736e-03 -1.000 1.538e-02 -3.547 2.958 2.321 1.128 -0.902 -2.949 -5.443 -6.374 -6.715
0.0152 0.01508 9.69897 1.2645950317 2.5152655492    1.077  3.450  3.4851 -0.087    8  0.538  0.429   197.04   101.53    63.66    50.80    41.48  0 -2.08e-07      0.00 6.873e-01 2.973e-01 2.166e-03 1.463e-03 6.736e-03 -1.000 1.538e-02 -3.854 2.972 2.794 1.663 -0.615 -2.770 -5.802 -6.751 -7.124
0.0152 0.01508 9.69897 1.2645962238 2.5152656947    1.073  3.528  3.4737 -0.213    8  0.539  0.429   238.22   127.34    79.03    63.28    51.70  0 -2.87e-07      0.00 6.873e-01 2.973e-01 2.166e-03 1.463e-03 6.736e-03 -1.000 1.538e-02 -4.050 2.967 2.962 1.769 -0.562 -2.745 -6.031 -6.987 -7.378
0.0152 0.01508 9.69897 1.2645976543 2.5152658692    1.068  3.568  3.4677 -0.278    8  0.540  0.429   262.79   143.21    88.40    70.92    57.95  0  -3.4e-07      0.00 6.873e-01 2.973e-01 2.166e-03 1.463e-03 6.736e-03 -1.000 1.538e-02 -4.149 2.961 3.033 1.809 -0.544 -2.744 -6.146 -7.105 -7.505
0.0152 0.01508 9.69897 1.2645992041 2.5152660582    1.062  3.584  3.4649 -0.309    8  0.540  0.429   274.62   151.03    92.99    74.67    61.03  0 -3.68e-07      0.00 6.873e-01 2.973e-01 2.166e-03 1.463e-03 6.736e-03 -1.000 1.538e-02 -4.191 2.958 3.063 1.827 -0.536 -2.744 -6.195 -7.155 -7.558
0.0152 0.01508 9.69897 1.2646008730 2.5152662618    1.056  3.592  3.4633 -0.325    8  0.541  0.429   281.13   155.41    95.55    76.78    62.75  0 -3.85e-07      0.00 6.873e-01 2.973e-01 2.166e-03 1.463e-03 6.736e-03 -1.000 1.538e-02 -4.210 2.963 3.086 1.841 -0.527 -2.740 -6.219 -7.179 -7.585
0.0152 0.01508 9.69897 1.2646009922 2.5152662764    1.055  3.434  3.4857 -0.077    8  0.541  0.429   192.76    99.30    62.29    49.73    40.60  0 -2.07e-07      0.00 6.873e-01 2.973e-01 2.166e-03 1.463e-03 6.736e-03 -1.000 1.538e-02 -3.814 2.998 2.810 1.683 -0.591 -2.745 -5.761 -6.709 -7.081
0.0152 0.01508 9.69897 1.2646011114 2.5152662909    1.054  3.274  3.5083  0.172    8  0.541  0.429   117.05    63.24    40.48    32.10    26.18  1  -1.1e-07      0.00 6.873e-01 2.973e-01 2.166e-03 1.463e-03 6.736e-03 -1.000 1.538e-02 -3.415 2.983 2.172 0.925 -0.992 -2.979 -5.293 -6.219 -6.550
0.0152 0.01508 9.69897 1.2646015882 2.5152663491    1.052  3.094  3.5338  0.453    8  0.541  0.429    65.18    38.00    24.89    19.59    15.96  2 -5.26e-08      0.00 6.873e-01 2.973e-01 2.166e-03 1.463e-03 6.736e-03 -1.000 1.538e-02 -2.965 2.913 1.332 -0.149 -1.533 -3.126 -4.757 -5.655 -5.935
0.0152 0.01508 9.69897 1.2646020651 2.5152664073    1.049  3.112  3.5310  0.422    8  0.542  0.429    69.49    40.17    26.24    20.68    16.84  2 -5.73e-08      0.00 6.873e-01 2.973e-01 2.166e-03 1.463e-03 6.736e-03 -1.000 1.538e-02 -3.011 2.926 1.405 -0.058 -1.488 -3.133 -4.813 -5.715 -6.000
0.0152 0.01508 9.69897 1.2646027803 2.5152664945    1.045  3.221  3.5151  0.249    8  0.542  0.429    99.62    54.92    35.38    28.00    22.83  1 -9.07e-08      0.00 6.873e-01 2.973e-01 2.166e-03 1.463e-03 6.736e-03 -1.000 1.538e-02 -3.282 2.977 1.930 0.607 -1.151 -3.044 -5.138 -6.057 -6.374
0.0152 0.01508 9.69897 1.2646037340 2.5152666109    1.040  3.363  3.4943  0.021    8  0.543  0.429   159.87    82.80    52.35    41.70    34.03  0 -1.63e-07      0.00 6.873e-01 2.973e-01 2.166e-03 1.463e-03 6.736e-03 -1.000 1.538e-02 -3.638 3.018 2.629 1.498 -0.679 -2.792 -5.558 -6.499 -6.856
0.0152 0.01508 9.69897 1.2646048069 2.5152667418    1.034  3.482  3.4766 -0.172    8  0.543  0.429   220.86   117.11    72.89    58.37    47.67  0 -2.66e-07      0.00 6.873e-01 2.973e-01 2.166e-03 1.463e-03 6.736e-03 -1.000 1.538e-02 -3.936 3.024 2.981 1.808 -0.510 -2.684 -5.909 -6.863 -7.250
0.0152 0.01508 9.69897 1.2646061182 2.5152669017    1.027  3.559  3.4649 -0.297    8  0.544  0.429   266.89   146.70    90.37    72.63    59.34  0 -3.64e-07      0.00 6.873e-01 2.973e-01 2.166e-03 1.463e-03 6.736e-03 -1.000 1.538e-02 -4.126 3.010 3.115 1.883 -0.477 -2.684 -6.130 -7.090 -7.493
0.0152 0.01508 9.69897 1.2646074295 2.5152670617    1.019  3.597  3.4587 -0.364    8  0.545  0.429   294.72   165.14   101.18    81.48    66.58  0 -4.37e-07      0.01 6.873e-01 2.973e-01 2.166e-03 1.463e-03 6.736e-03 -1.000 1.538e-02 -4.222 3.014 3.185 1.925 -0.461 -2.690 -6.243 -7.205 -7.616
0.0152 0.01508 9.69897 1.2646090984 2.5152672653    1.011  3.613  3.4556 -0.396    8  0.545  0.429   308.59   174.56   106.66    85.99    70.28  0 -5.33e-07      0.01 6.873e-01 2.973e-01 2.166e-03 1.463e-03 6.736e-03 -1.000 1.538e-02 -4.262 3.038 3.234 1.965 -0.443 -2.687 -6.288 -7.252 -7.669
0.0152 0.01508 9.69897 1.2646108866 2.5152674834    1.001  3.621  3.4539 -0.415    8  0.546  0.429   316.67   180.18   109.92    88.69    72.48  0 -5.96e-07      0.01 6.873e-01 2.973e-01 2.166e-03 1.463e-03 6.736e-03 -1.000 1.538e-02 -4.281 3.053 3.265 1.991 -0.429 -2.681 -6.311 -7.275 -7.695
0.0152 0.01508 9.69897 1.2646110058 2.5152674980    1.000  3.476  3.4753 -0.185    8  0.546  0.429   222.66   118.87    73.88    59.25    48.38  0 -2.85e-07      0.00 6.873e-01 2.973e-01 2.166e-03 1.463e-03 6.736e-03 -1.000 1.538e-02 -3.920 3.062 3.036 1.855 -0.467 -2.645 -5.896 -6.851 -7.239
0.0152 0.01508 9.69897 1.2646111250 2.5152675125    0.998  3.319  3.4984  0.064    8  0.547  0.429   145.03    75.75    48.04    38.27    31.21  0 -1.54e-07      0.00 6.873e-01 2.973e-01 2.166e-03 1.463e-03 6.736e-03 -1.000 1.538e-02 -3.526 3.056 2.546 1.389 -0.721 -2.805 -5.434 -6.371 -6.720
0.0152 0.01508 9.69897 1.2646116018 2.5152675707    0.994  3.139  3.5248  0.348    8  0.547  0.429    80.21    45.33    29.42    23.26    18.95  2 -7.53e-08      0.00 6.873e-01 2.973e-01 2.166e-03 1.463e-03 6.736e-03 -1.000 1.538e-02 -3.077 2.990 1.630 0.212 -1.335 -3.080 -4.901 -5.809 -6.107
0.0152 0.01508 9.69897 1.2646120787 2.5152676289    0.989  3.157  3.5217  0.314    8  0.547  0.429    85.90    48.08    31.12    24.63    20.07  1 -8.25e-08      0.00 6.873e-01 2.973e-01 2.166e-03 1.463e-03 6.736e-03 -1.000 1.538e-02 -3.123 3.008 1.739 0.345 -1.264 -3.060 -4.957 -5.869 -6.173
0.0152 0.01508 9.69897 1.2646127939 2.5152677161    0.981  3.263  3.5052  0.140    8  0.548  0.429   123.48    65.78    41.97    33.39    27.22  0 -1.29e-07      0.00 6.873e-01 2.973e-01 2.166e-03 1.463e-03 6.736e-03 -1.000 1.538e-02 -3.387 3.066 2.345 1.127 -0.849 -2.867 -5.274 -6.203 -6.539
0.0152 0.01508 9.69897 1.2646137476 2.5152678324    0.973  3.400  3.4837 -0.088    8  0.548  0.429   190.02    99.09    62.06    49.68    40.54  0 -2.29e-07      0.00 6.873e-01 2.973e-01 2.166e-03 1.463e-03 6.736e-03 -1.000 1.538e-02 -3.731 3.106 2.954 1.819 -0.463 -2.620 -5.683 -6.633 -7.009
0.0152 0.01508 9.69897 1.2646148205 2.5152679633    0.962  3.516  3.4652 -0.282    8  0.549  0.429   254.73   140.31    86.48    69.63    56.85  0 -3.69e-07      0.00 6.873e-01 2.973e-01 2.166e-03 1.463e-03 6.736e-03 -1.000 1.538e-02 -4.019 3.104 3.206 1.978 -0.379 -2.584 -6.022 -6.982 -7.384
0.0152 0.01508 9.69897 1.2646160126 2.5152681087    0.950  3.589  3.4528 -0.410    8  0.549  0.429   308.75   176.43   107.61    86.96    71.04  0 -5.18e-07      0.01 6.873e-01 2.973e-01 2.166e-03 1.463e-03 6.736e-03 -1.000 1.538e-02 -4.203 3.121 3.348 2.081 -0.340 -2.596 -6.236 -7.200 -7.619
0.0152 0.01508 9.69897 1.2646174431 2.5152682833    0.936  3.626  3.4459 -0.481    8  0.550  0.429   342.40   199.81   121.14    98.14    80.18  0 -8.04e-07      0.02 6.873e-01 2.973e-01 2.166e-03 1.463e-03 6.736e-03 -1.000 1.538e-02 -4.295 3.169 3.443 2.173 -0.305 -2.599 -6.339 -7.304 -7.735
0.0152 0.01508 9.69897 1.2646189928 2.5152684723    0.921  3.642  3.4423 -0.518    8  0.551  0.429   334.46    -1.00    -1.00    -1.00    -1.00  0    -1e-06      0.03 6.873e-01 2.973e-01 2.166e-03 1.463e-03 6.736e-03 -1.000 1.538e-02 -4.334 3.227 3.514 2.241 -0.273 -2.590 -6.380 -7.348 -7.786
0.0152 0.01508 9.69897 1.2646207809 2.5152686904    0.905  3.649  3.4400 -0.543    8  0.552  0.429   323.70    -1.00    -1.00    -1.00    -1.00  0 -1.15e-06      0.03 6.873e-01 2.973e-01 2.166e-03 1.463e-03 6.736e-03 -1.000 1.538e-02 -4.353 3.283 3.573 2.295 -0.243 -2.576 -6.398 -7.368 -7.812
0.0152 0.01508 9.69897 1.2646209002 2.5152687050    0.903  3.519  3.4607 -0.330    8  0.552  0.429   268.00   150.59    92.39    74.63    60.92  0 -4.48e-07      0.01 6.873e-01 2.973e-01 2.166e-03 1.463e-03 6.736e-03 -1.000 1.538e-02 -4.027 3.171 3.321 2.069 -0.305 -2.524 -6.040 -7.003 -7.411
0.0152 0.01508 9.69897 1.2646210194 2.5152687195    0.899  3.364  3.4853 -0.079    8  0.552  0.429   182.00    95.52    59.82    48.00    39.14  0  -2.5e-07      0.00 6.873e-01 2.973e-01 2.166e-03 1.463e-03 6.736e-03 -1.000 1.538e-02 -3.639 3.183 3.001 1.871 -0.405 -2.560 -5.586 -6.535 -6.908
0.0152 0.01508 9.69897 1.2646214962 2.5152687777    0.892  3.185  3.5137  0.211    8  0.553  0.429   104.73    56.50    36.22    28.85    23.49  0 -1.26e-07      0.00 6.873e-01 2.973e-01 2.166e-03 1.463e-03 6.736e-03 -1.000 1.538e-02 -3.192 3.119 2.115 0.803 -0.994 -2.910 -5.051 -5.972 -6.293
0.0152 0.01508 9.69897 1.2646219730 2.5152688359    0.882  3.203  3.5106  0.175    8  0.553  0.429   112.63    60.07    38.39    30.62    24.94  0  -1.4e-07      0.00 6.873e-01 2.973e-01 2.166e-03 1.463e-03 6.736e-03 -1.000 1.538e-02 -3.237 3.142 2.252 0.976 -0.898 -2.861 -5.106 -6.030 -6.358
0.0152 0.01508 9.69897 1.2646226883 2.5152689231    0.869  3.305  3.4936 -0.002    8  0.553  0.429   159.68    82.39    51.89    41.61    33.90  0  -2.2e-07      0.00 6.873e-01 2.973e-01 2.166e-03 1.463e-03 6.736e-03 -1.000 1.538e-02 -3.493 3.197 2.827 1.695 -0.498 -2.619 -5.415 -6.356 -6.716
0.0152 0.01508 9.69897 1.2646235228 2.5152690249    0.853  3.438  3.4712 -0.232    8  0.554  0.429   225.91   124.33    76.84    62.03    50.59  0 -3.89e-07      0.01 6.873e-01 2.973e-01 2.166e-03 1.463e-03 6.736e-03 -1.000 1.538e-02 -3.824 3.236 3.263 2.056 -0.285 -2.474 -5.811 -6.769 -7.164
0.0152 0.01508 9.69897 1.2646245956 2.5152691558    0.835  3.549  3.4521 -0.429    8  0.555  0.429   279.94    -1.00    -1.00    -1.00    -1.00  0 -6.32e-07      0.01 6.873e-01 2.973e-01 2.166e-03 1.463e-03 6.736e-03 -1.000 1.538e-02 -4.101 3.265 3.491 2.215 -0.216 -2.478 -6.134 -7.099 -7.521
0.0152 0.01508 9.69897 1.2646257877 2.5152693012    0.814  3.619  3.4398 -0.559    8  0.555  0.429   267.36    -1.00    -1.00    -1.00    -1.00  0 -1.19e-06      0.04 6.873e-01 2.973e-01 2.166e-03 1.463e-03 6.736e-03 -1.000 1.538e-02 -4.278 3.393 3.678 2.393 -0.154 -2.490 -6.322 -7.293 -7.739
0.0152 0.01508 9.69897 1.2646272182 2.5152694757    0.791  3.654  3.4338 -0.631    8  0.556  0.429   253.67    -1.00    -1.00    -1.00    -1.00  0 -1.89e-06      0.08 6.873e-01 2.973e-01 2.166e-03 1.463e-03 6.736e-03 -1.000 1.538e-02 -4.366 3.615 3.866 2.553 -0.086 -2.470 -6.394 -7.378 -7.847
0.0152 0.01508 9.69897 1.2646287680 2.5152696648    0.765  3.669  3.4321 -0.667    8  0.557  0.429   239.10    -1.00    -1.00    -1.00    -1.00  0 -2.44e-06      0.12 6.873e-01 2.973e-01 2.166e-03 1.463e-03 6.736e-03 -1.000 1.538e-02 -4.403 3.826 4.016 2.659 -0.033 -2.439 -6.408 -7.406 -7.891
0.0152 0.01508 9.69897 1.2646304369 2.5152698684    0.738  3.677  3.4327 -0.688    8  0.558  0.429   223.86    -1.00    -1.00    -1.00    -1.00  0 -2.93e-06      0.16 6.873e-01 2.973e-01 2.166e-03 1.463e-03 6.736e-03 -1.000 1.538e-02 -4.421 4.049 4.154 2.738 0.010 -2.407 -6.396 -7.408 -7.911
0.0152 0.01508 9.69897 1.2646373510 2.5152707118    0.562 -9.999  4.0000  1.654    9  0.562  0.000     0.00     0.00     0.00     0.00     0.00 -1    -1e-30      0.00 6.873e-01 2.973e-01 2.166e-03 1.463e-03 6.736e-03 -1.000 1.538e-02 29.767 29.720 29.983 30.032 30.020 30.018 30.066 30.065 30.082
#isochrone terminated
