# File generated by CMD 3.9 (http://stev.oapd.inaf.it/cmd) on Tue May 12 07:31:54 UTC 2026
# isochrones based on PARSEC release v1.2S +  COLIBRI S_37 + S_35 + PR16
# Basic references: Bressan et al. (2012), MNRAS, 427, 127 + Chen et al. (2014, 2015), MNRAS, 444, 2525 + MNRAS, 452, 1068 + Tang et al. (2014), MNRAS, 445, 4287 + Marigo et al. (2017), ApJ, 835, 77 + Pastorelli al. (2019), MNRAS, 485, 5666 + Pastorelli al. (2020), MNRAS, in press
# Thermal pulse cycles included 
# On RGB, assumed Reimers mass loss with efficiency eta=0.2
# LPV periods and growth rates added cf. Trabucchi et al. (2019)
# but fundamental-mode LPV periods + transition are from Trabucchi et al. (2021)
# Photometric system: <i>UBVRIJHK</i> (cf. Maiz-Apellaniz 2006 + Bessell 1990)
# Using YBC version of bolometric corrections as in Chen et al. (2019)
# O-rich circumstellar dpmod60alox40 dust from Groenewegen (2006)
# C-rich circumstellar AMCSIC15 dust from Groenewegen (2006)
# IMF: Kroupa (2001, 2002) + Kroupa et al. (2013) canonical two-part-power law IMF corrected for unresolved binaries 
# Kind of output: isochrone tables
# Zini     MH   logAge Mini        int_IMF         Mass   logL    logTe  logg  label   McoreTP C_O  period0  period1  period2  period3  period4  pmode  Mloss  tau1m   X   Y   Xc  Xn  Xo  Cexcess  Z 	 mbolmag  Umag    Bmag    Vmag    Rmag    Imag    Jmag    Hmag    Kmag
0.013 -0.05655 10.00000 0.0900000036 1.0816895926    0.090 -3.412  3.3679  5.228    1  0.000  0.545     0.00     0.00     0.00     0.00     0.00 -1 -3.96e-17      0.00 7.140e-01 2.729e-01 2.359e-03 6.364e-04 5.772e-03 -1.000 1.312e-02 13.299 22.687 19.984 18.126 15.941 13.678 11.208 10.594 10.315
0.013 -0.05655 10.00000 0.1000000015 1.1711064122    0.100 -3.224  3.3949  5.194    1  0.000  0.545     0.00     0.00     0.00     0.00     0.00 -1 -2.11e-17      0.00 7.136e-01 2.733e-01 2.359e-03 6.364e-04 5.772e-03 -1.000 1.312e-02 12.830 22.153 19.487 17.638 15.466 13.209 10.740 10.127 9.844
0.013 -0.05655 10.00000 0.1079998910 1.2346572146    0.108 -3.111  3.4099  5.173    1  0.000  0.545     0.00     0.00     0.00     0.00     0.00 -1 -3.66e-17      0.00 7.132e-01 2.737e-01 2.359e-03 6.364e-04 5.772e-03 -1.000 1.312e-02 12.546 21.832 19.187 17.344 15.179 12.925 10.457 9.845 9.559
0.013 -0.05655 10.00000 0.1200000048 1.3193154741    0.120 -2.955  3.4305  5.146    1  0.000  0.545     0.00     0.00     0.00     0.00     0.00 -1 -1.08e-16      0.00 7.126e-01 2.743e-01 2.359e-03 6.364e-04 5.772e-03 -1.000 1.312e-02 12.158 20.643 18.263 16.473 14.486 12.354 10.102 9.487 9.195
0.013 -0.05655 10.00000 0.1400000006 1.4384526719    0.140 -2.774  3.4497  5.109    1  0.000  0.545     0.00     0.00     0.00     0.00     0.00 -1 -1.58e-16      0.00 7.119e-01 2.750e-01 2.359e-03 6.364e-04 5.772e-03 -1.000 1.312e-02 11.705 19.226 17.127 15.421 13.650 11.677 9.695 9.077 8.784
0.013 -0.05655 10.00000 0.1599999964 1.5372931554    0.160 -2.632  3.4633  5.079    1  0.000  0.545     0.00     0.00     0.00     0.00     0.00 -1 -2.12e-16      0.00 7.111e-01 2.758e-01 2.359e-03 6.364e-04 5.772e-03 -1.000 1.312e-02 11.350 18.229 16.316 14.650 13.028 11.185 9.375 8.754 8.464
0.013 -0.05655 10.00000 0.2000000030 1.6938790862    0.200 -2.412  3.4820  5.031    1  0.000  0.545     0.00     0.00     0.00     0.00     0.00 -1 -3.33e-16      0.00 7.100e-01 2.769e-01 2.359e-03 6.364e-04 5.772e-03 -1.000 1.312e-02 10.799 16.904 15.200 13.590 12.149 10.480 8.870 8.248 7.966
0.013 -0.05655 10.00000 0.2500000000 1.8403257998    0.250 -2.199  3.4978  4.978    1  0.000  0.545     0.00     0.00     0.00     0.00     0.00 -1 -3.87e-16      0.00 7.091e-01 2.778e-01 2.359e-03 6.364e-04 5.772e-03 -1.000 1.312e-02 10.269 15.823 14.260 12.688 11.371 9.849 8.379 7.755 7.483
0.013 -0.05655 10.00000 0.3000000119 1.9529139769    0.300 -2.035  3.5081  4.934    1  0.000  0.545     0.00     0.00     0.00     0.00     0.00 -1 -7.77e-18      0.00 7.088e-01 2.780e-01 2.359e-03 6.364e-04 5.772e-03 -1.000 1.312e-02 9.858 15.105 13.616 12.077 10.828 9.386 7.992 7.365 7.101
0.013 -0.05655 10.00000 0.3500000238 2.0434175133    0.350 -1.888  3.5167  4.889    1  0.000  0.545     0.00     0.00     0.00     0.00     0.00 -1 -9.87e-16      0.00 7.149e-01 2.720e-01 2.359e-03 6.364e-04 5.772e-03 -1.000 1.312e-02 9.490 14.507 13.070 11.558 10.359 8.981 7.645 7.014 6.757
0.013 -0.05655 10.00000 0.4000000358 2.1185024810    0.400 -1.742  3.5278  4.845    1  0.000  0.545     0.00     0.00     0.00     0.00     0.00 -1 -1.36e-15      0.00 7.151e-01 2.718e-01 2.359e-03 6.364e-04 5.772e-03 -1.000 1.312e-02 9.126 13.897 12.504 11.019 9.875 8.577 7.308 6.671 6.423
0.013 -0.05655 10.00000 0.4500000179 2.1822809362    0.450 -1.589  3.5405  4.794    1  0.000  0.545     0.00     0.00     0.00     0.00     0.00 -1 -1.93e-15      0.00 7.152e-01 2.717e-01 2.359e-03 6.364e-04 5.772e-03 -1.000 1.312e-02 8.744 13.280 11.917 10.462 9.371 8.157 6.958 6.313 6.074
0.013 -0.05655 10.00000 0.4502782524 2.1826097272    0.450 -1.589  3.5406  4.794    1  0.000  0.545     0.00     0.00     0.00     0.00     0.00 -1 -1.94e-15      0.00 7.152e-01 2.717e-01 2.359e-03 6.364e-04 5.772e-03 -1.000 1.312e-02 8.741 13.276 11.913 10.458 9.368 8.154 6.956 6.310 6.072
0.013 -0.05655 10.00000 0.5000000000 2.2374541529    0.500 -1.427  3.5567  4.742    1  0.000  0.545     0.00     0.00     0.00     0.00     0.00 -1 -2.83e-15      0.00 7.152e-01 2.717e-01 2.359e-03 6.364e-04 5.772e-03 -1.000 1.312e-02 8.336 12.636 11.283 9.854 8.818 7.712 6.593 5.937 5.710
0.013 -0.05655 10.00000 0.5500000119 2.2836582633    0.550 -1.245  3.5779  4.686    1  0.000  0.545     0.00     0.00     0.00     0.00     0.00 -1 -4.38e-15      0.00 7.383e-01 2.496e-01 2.180e-03 5.885e-04 5.339e-03 -1.000 1.212e-02 7.882 11.924 10.562 9.159 8.181 7.220 6.196 5.525 5.319
0.013 -0.05655 10.00000 0.5692779422 2.2989996573    0.569 -1.174  3.5882  4.672    1  0.000  0.544     0.00     0.00     0.00     0.00     0.00 -1 -5.14e-15      0.00 7.396e-01 2.483e-01 2.171e-03 5.859e-04 5.316e-03 -1.000 1.208e-02 7.706 11.633 10.265 8.879 7.926 7.031 6.048 5.368 5.177
0.013 -0.05655 10.00000 0.6000000238 2.3211213258    0.600 -1.067  3.6040  4.651    1  0.000  0.544     0.00     0.00     0.00     0.00     0.00 -1 -6.57e-15      0.00 7.417e-01 2.463e-01 2.156e-03 5.820e-04 5.281e-03 -1.000 1.201e-02 7.437 11.206 9.820 8.472 7.555 6.750 5.817 5.125 4.960
0.013 -0.05655 10.00000 0.6499999762 2.3520353107    0.650 -0.885  3.6355  4.630    1  0.000  0.544     0.00     0.00     0.00     0.00     0.00 -1 -9.83e-15      0.00 7.448e-01 2.433e-01 2.134e-03 5.761e-04 5.228e-03 -1.000 1.191e-02 6.983 10.373 8.981 7.750 6.918 6.274 5.436 4.755 4.639
0.013 -0.05655 10.00000 0.7000000477 2.3779267258    0.700 -0.709  3.6667  4.611    1  0.000  0.544     0.00     0.00     0.00     0.00     0.00 -1 -1.45e-14      0.00 7.479e-01 2.403e-01 2.111e-03 5.702e-04 5.175e-03 -1.000 1.181e-02 6.541 9.271 8.120 7.045 6.329 5.814 5.082 4.476 4.390
0.013 -0.05655 10.00000 0.7054646611 2.3805017457    0.705 -0.689  3.6700  4.608    1  0.000  0.543     0.00     0.00     0.00     0.00     0.00 -1 -1.52e-14      0.00 7.483e-01 2.399e-01 2.105e-03 5.693e-04 5.169e-03 -1.000 1.178e-02 6.494 9.149 8.031 6.972 6.270 5.764 5.044 4.448 4.364
0.013 -0.05655 10.00000 0.7219071388 2.3879800566    0.722 -0.632  3.6796  4.599    1  0.000  0.541     0.00     0.00     0.00     0.00     0.00 -1 -1.73e-14      0.00 7.495e-01 2.388e-01 2.087e-03 5.668e-04 5.148e-03 -1.000 1.173e-02 6.351 8.775 7.770 6.759 6.097 5.616 4.932 4.370 4.290
0.013 -0.05655 10.00000 0.7371976376 2.3945912794    0.737 -0.580  3.6883  4.591    1  0.000  0.538     0.00     0.00     0.00     0.00     0.00 -1 -1.95e-14      0.00 7.506e-01 2.378e-01 2.071e-03 5.645e-04 5.130e-03 -1.000 1.167e-02 6.219 8.467 7.545 6.573 5.943 5.482 4.828 4.292 4.216
0.013 -0.05655 10.00000 0.7500000000 2.3998889087    0.750 -0.536  3.6955  4.583    1  0.000  0.536     0.00     0.00     0.00     0.00     0.00 -1 -2.16e-14      0.00 7.515e-01 2.369e-01 2.058e-03 5.625e-04 5.114e-03 -1.000 1.162e-02 6.109 8.207 7.361 6.421 5.818 5.372 4.742 4.227 4.155
0.013 -0.05655 10.00000 0.7550824881 2.4019348475    0.755 -0.519  3.6980  4.578    1  0.000  0.536     0.00     0.00     0.00     0.00     0.00 -1 -2.25e-14      0.00 7.520e-01 2.365e-01 2.054e-03 5.616e-04 5.106e-03 -1.000 1.159e-02 6.066 8.112 7.294 6.364 5.771 5.330 4.708 4.200 4.129
0.013 -0.05655 10.00000 0.7735797763 2.4091205738    0.773 -0.456  3.7068  4.562    1  0.000  0.536     0.00     0.00     0.00     0.00     0.00 -1 -2.61e-14      0.00 7.537e-01 2.348e-01 2.042e-03 5.582e-04 5.076e-03 -1.000 1.151e-02 5.911 7.783 7.056 6.163 5.600 5.175 4.583 4.102 4.034
0.013 -0.05655 10.00000 0.7899602652 2.4151619399    0.790 -0.401  3.7144  4.546    1  0.000  0.536     0.00     0.00     0.00     0.00     0.00 -1 -2.99e-14      0.00 7.552e-01 2.333e-01 2.031e-03 5.553e-04 5.049e-03 -1.000 1.146e-02 5.772 7.500 6.851 5.988 5.451 5.041 4.473 4.013 3.949
0.013 -0.05655 10.00000 0.7995212078 2.4185568769    0.799 -0.369  3.7188  4.536    1  0.000  0.536     0.00     0.00     0.00     0.00     0.00 -1 -3.24e-14      0.00 7.561e-01 2.324e-01 2.024e-03 5.536e-04 5.034e-03 -1.000 1.144e-02 5.692 7.337 6.733 5.888 5.364 4.962 4.408 3.961 3.899
0.013 -0.05655 10.00000 0.8054358959 2.4206107430    0.805 -0.349  3.7214  4.530    1  0.000  0.536     0.00     0.00     0.00     0.00     0.00 -1  -3.4e-14      0.00 7.568e-01 2.318e-01 2.020e-03 5.523e-04 5.023e-03 -1.000 1.143e-02 5.641 7.241 6.662 5.827 5.311 4.914 4.368 3.927 3.866
0.013 -0.05655 10.00000 0.8195291162 2.4253674790    0.819 -0.300  3.7273  4.513    1  0.000  0.536     0.00     0.00     0.00     0.00     0.00 -1 -3.84e-14      0.00 7.584e-01 2.302e-01 2.008e-03 5.493e-04 4.996e-03 -1.000 1.137e-02 5.521 7.018 6.498 5.685 5.186 4.797 4.269 3.845 3.786
0.013 -0.05655 10.00000 0.8326944113 2.4296441510    0.832 -0.255  3.7328  4.496    1  0.000  0.536     0.00     0.00     0.00     0.00     0.00 -1 -4.31e-14      0.00 7.599e-01 2.288e-01 1.997e-03 5.465e-04 4.971e-03 -1.000 1.133e-02 5.408 6.813 6.344 5.553 5.068 4.688 4.178 3.767 3.710
0.013 -0.05655 10.00000 0.8450115323 2.4335068521    0.844 -0.213  3.7377  4.480    1  0.000  0.536     0.00     0.00     0.00     0.00     0.00 -1 -4.81e-14      0.00 7.613e-01 2.275e-01 1.988e-03 5.438e-04 4.947e-03 -1.000 1.128e-02 5.301 6.624 6.200 5.429 4.958 4.587 4.091 3.694 3.639
0.013 -0.05655 10.00000 0.8490424156 2.4347429970    0.848 -0.199  3.7392  4.474    1  0.000  0.536     0.00     0.00     0.00     0.00     0.00 -1 -4.99e-14      0.00 7.617e-01 2.270e-01 1.985e-03 5.430e-04 4.939e-03 -1.000 1.127e-02 5.266 6.563 6.153 5.388 4.922 4.554 4.063 3.669 3.615
0.013 -0.05655 10.00000 0.8620306253 2.4386357962    0.861 -0.152  3.7439  4.453    1  0.000  0.536     0.00     0.00     0.00     0.00     0.00 -1 -5.63e-14      0.00 7.635e-01 2.253e-01 1.972e-03 5.396e-04 4.909e-03 -1.000 1.118e-02 5.151 6.365 6.004 5.259 4.807 4.446 3.969 3.586 3.534
0.013 -0.05655 10.00000 0.8752054572 2.4424490882    0.874 -0.105  3.7485  4.430    1  0.000  0.536     0.00     0.00     0.00     0.00     0.00 -1  -6.4e-14      0.00 7.653e-01 2.236e-01 1.959e-03 5.361e-04 4.878e-03 -1.000 1.108e-02 5.032 6.167 5.854 5.127 4.689 4.335 3.870 3.498 3.449
0.013 -0.05655 10.00000 0.8873691559 2.4458543559    0.886 -0.060  3.7524  4.407    1  0.000  0.535     0.00     0.00     0.00     0.00     0.00 -1 -7.24e-14      0.00 7.670e-01 2.220e-01 1.947e-03 5.329e-04 4.849e-03 -1.000 1.102e-02 4.920 5.991 5.715 5.005 4.577 4.229 3.776 3.413 3.365
0.013 -0.05655 10.00000 0.8985635638 2.4488947628    0.897 -0.018  3.7559  4.385    1  0.000  0.535     0.00     0.00     0.00     0.00     0.00 -1 -8.13e-14      0.00 7.685e-01 2.204e-01 1.936e-03 5.300e-04 4.823e-03 -1.000 1.102e-02 4.815 5.834 5.589 4.892 4.474 4.131 3.687 3.331 3.285
0.013 -0.05655 10.00000 0.9146662951 2.4531185303    0.914  0.044  3.7600  4.347    1  0.000  0.535     0.00     0.00     0.00     0.00     0.00 -1  -9.7e-14      0.00 7.713e-01 2.178e-01 1.917e-03 5.247e-04 4.776e-03 -1.000 1.088e-02 4.660 5.615 5.406 4.727 4.320 3.984 3.551 3.205 3.161
0.013 -0.05655 10.00000 0.9302642345 2.4570499660    0.929  0.104  3.7631  4.306    1  0.000  0.535     0.00     0.00     0.00     0.00     0.00 -1 -1.16e-13      0.00 7.737e-01 2.156e-01 1.900e-03 5.203e-04 4.737e-03 -1.000 1.074e-02 4.510 5.422 5.236 4.571 4.172 3.841 3.416 3.077 3.034
0.013 -0.05655 10.00000 0.9423201084 2.4599862969    0.941  0.153  3.7650  4.271    1  0.000  0.535     0.00     0.00     0.00     0.00     0.00 -1 -1.34e-13      0.00 7.743e-01 2.149e-01 1.896e-03 5.192e-04 4.727e-03 -1.000 1.074e-02 4.388 5.273 5.101 4.445 4.051 3.724 3.303 2.969 2.927
0.013 -0.05655 10.00000 0.9474039674 2.4611987916    0.946  0.174  3.7657  4.255    1  0.000  0.535     0.00     0.00     0.00     0.00     0.00 -1 -1.44e-13      0.00 7.742e-01 2.151e-01 1.898e-03 5.197e-04 4.731e-03 -1.000 1.073e-02 4.335 5.209 5.043 4.390 3.998 3.672 3.254 2.921 2.879
0.013 -0.05655 10.00000 0.9480847716 2.4613600277    0.947  0.177  3.7658  4.252    1  0.000  0.535     0.00     0.00     0.00     0.00     0.00 -1 -1.45e-13      0.00 7.741e-01 2.151e-01 1.898e-03 5.198e-04 4.732e-03 -1.000 1.073e-02 4.327 5.201 5.035 4.383 3.991 3.665 3.247 2.914 2.872
0.013 -0.05655 10.00000 0.9526315331 2.4624300535    0.951  0.197  3.7662  4.236    1  0.000  0.535     0.00     0.00     0.00     0.00     0.00 -1 -1.54e-13      0.00 7.740e-01 2.153e-01 1.900e-03 5.204e-04 4.737e-03 -1.000 1.076e-02 4.277 5.145 4.982 4.332 3.941 3.615 3.198 2.866 2.825
0.013 -0.05655 10.00000 0.9611868262 2.4644119134    0.960  0.236  3.7664  4.202    1  0.000  0.535     0.00     0.00     0.00     0.00     0.00 -1 -1.74e-13      0.00 7.734e-01 2.158e-01 1.907e-03 5.221e-04 4.753e-03 -1.000 1.083e-02 4.179 5.042 4.881 4.233 3.843 3.518 3.102 2.770 2.729
0.013 -0.05655 10.00000 0.9707526565 2.4665803651    0.970  0.282  3.7656  4.157    1  0.000  0.535     0.00     0.00     0.00     0.00     0.00 -1 -2.03e-13      0.00 7.716e-01 2.174e-01 1.922e-03 5.264e-04 4.793e-03 -1.000 1.093e-02 4.065 4.936 4.771 4.120 3.729 3.403 2.984 2.651 2.609
0.013 -0.05655 10.00000 0.9770702124 2.4679857324    0.976  0.313  3.7643  4.123    1  0.000  0.535     0.00     0.00     0.00     0.00     0.00 -1 -2.26e-13      0.00 7.696e-01 2.194e-01 1.940e-03 5.314e-04 4.839e-03 -1.000 1.102e-02 3.987 4.873 4.700 4.044 3.651 3.323 2.900 2.564 2.522
0.013 -0.05655 10.00000 0.9788382053 2.4683752957    0.978  0.322  3.7636  4.112    2  0.000  0.535     0.00     0.00     0.00     0.00     0.00 -1 -2.34e-13      0.00 7.683e-01 2.206e-01 1.951e-03 5.344e-04 4.865e-03 -1.000 1.109e-02 3.965 4.859 4.682 4.023 3.629 3.299 2.875 2.537 2.495
0.013 -0.05655 10.00000 0.9860590100 2.4699496777    0.985  0.359  3.7598  4.064    2  0.000  0.535     0.00     0.00     0.00     0.00     0.00 -1 -2.67e-13      0.00 7.618e-01 2.268e-01 2.004e-03 5.488e-04 4.996e-03 -1.000 1.138e-02 3.873 4.813 4.612 3.939 3.536 3.201 2.766 2.420 2.376
0.013 -0.05655 10.00000 0.9934436679 2.4715325932    0.992  0.392  3.7512  3.999    2  0.000  0.535     0.00     0.00     0.00     0.00     0.00 -1 -3.09e-13      0.00 7.513e-01 2.370e-01 2.082e-03 5.702e-04 5.189e-03 -1.000 1.179e-02 3.790 4.847 4.584 3.875 3.452 3.103 2.643 2.277 2.229
0.013 -0.05655 10.00000 0.9974182248 2.4723733977    0.996  0.402  3.7413  3.952    2  0.000  0.536     0.00     0.00     0.00     0.00     0.00 -1 -3.35e-13      0.00 7.434e-01 2.445e-01 2.137e-03 5.847e-04 5.319e-03 -1.000 1.209e-02 3.765 4.961 4.619 3.875 3.429 3.066 2.578 2.188 2.136
0.013 -0.05655 10.00000 0.9976059794 2.4724129260    0.996  0.402  3.7406  3.949    2  0.000  0.536     0.00     0.00     0.00     0.00     0.00 -1 -3.36e-13      0.00 7.430e-01 2.449e-01 2.140e-03 5.855e-04 5.326e-03 -1.000 1.211e-02 3.765 4.972 4.624 3.877 3.429 3.065 2.575 2.183 2.131
0.013 -0.05655 10.00000 0.9998584390 2.4728858100    0.999  0.402  3.7313  3.913    2  0.000  0.536     0.00     0.00     0.00     0.00     0.00 -1 -3.49e-13      0.00 7.380e-01 2.497e-01 2.173e-03 5.944e-04 5.406e-03 -1.000 1.229e-02 3.766 5.107 4.689 3.906 3.437 3.057 2.539 2.122 2.067
0.013 -0.05655 10.00000 1.0019074678 2.4733138623    1.001  0.402  3.7204  3.870    2  0.000  0.536     0.00     0.00     0.00     0.00     0.00 -1 -3.66e-13      0.00 7.335e-01 2.541e-01 2.203e-03 6.023e-04 5.476e-03 -1.000 1.241e-02 3.765 5.275 4.768 3.943 3.446 3.048 2.495 2.050 1.990
0.013 -0.05655 10.00000 1.0038686991 2.4737216915    1.003  0.417  3.7099  3.814    2  0.000  0.537     0.00     0.00     0.00     0.00     0.00 -1 -4.01e-13      0.00 7.294e-01 2.580e-01 2.228e-03 6.090e-04 5.534e-03 -1.000 1.257e-02 3.727 5.411 4.812 3.948 3.424 3.007 2.419 1.943 1.880
0.013 -0.05655 10.00000 1.0055828094 2.4740766353    1.004  0.453  3.7028  3.750    2  0.000  0.537     0.00     0.00     0.00     0.00     0.00 -1 -4.65e-13      0.00 7.259e-01 2.615e-01 2.247e-03 6.139e-04 5.579e-03 -1.000 1.267e-02 3.639 5.444 4.783 3.892 3.348 2.918 2.306 1.809 1.743
0.013 -0.05655 10.00000 1.0062538385 2.4742152077    1.005  0.472  3.7006  3.723    2  0.000  0.537     0.00     0.00     0.00     0.00     0.00 -1 -5.03e-13      0.00 7.245e-01 2.629e-01 2.252e-03 6.156e-04 5.593e-03 -1.000 1.268e-02 3.590 5.431 4.753 3.853 3.303 2.869 2.250 1.747 1.680
0.013 -0.05655 10.00000 1.0070766211 2.4743848286    1.006  0.501  3.6985  3.686    3  0.000  0.537     0.00     0.00     0.00     0.00     0.00 -1 -5.59e-13      0.00 7.226e-01 2.647e-01 2.259e-03 6.174e-04 5.609e-03 -1.000 1.275e-02 3.518 5.392 4.698 3.790 3.235 2.797 2.170 1.661 1.593
0.013 -0.05655 10.00000 1.0082485676 2.4746258818    1.007  0.547  3.6960  3.630    3  0.000  0.536     0.00     0.00     0.00     0.00     0.00 -1 -6.59e-13      0.00 7.197e-01 2.675e-01 2.264e-03 6.205e-04 5.630e-03 -1.000 1.279e-02 3.402 5.317 4.604 3.687 3.126 2.682 2.047 1.530 1.461
0.013 -0.05655 10.00000 1.0092245340 2.4748261333    1.008  0.590  3.6944  3.580    3  0.000  0.534     0.00     0.00     0.00     0.00     0.00 -1  -7.7e-13      0.00 7.170e-01 2.702e-01 2.260e-03 6.255e-04 5.645e-03 -1.000 1.284e-02 3.294 5.233 4.510 3.586 3.021 2.575 1.933 1.411 1.341
0.013 -0.05655 10.00000 1.0103337765 2.4750531907    1.009  0.645  3.6928  3.520    3  0.000  0.526     0.00     0.00     0.00     0.00     0.00 -1 -9.34e-13      0.00 7.134e-01 2.737e-01 2.230e-03 6.516e-04 5.659e-03 -1.000 1.288e-02 3.157 5.117 4.386 3.456 2.888 2.439 1.791 1.263 1.193
0.013 -0.05655 10.00000 1.0110908747 2.4752078367    1.009  0.686  3.6917  3.475    3  0.000  0.515     0.00     0.00     0.00     0.00     0.00 -1 -1.08e-12      0.00 7.109e-01 2.761e-01 2.190e-03 6.918e-04 5.667e-03 -1.000 1.292e-02 3.055 5.033 4.294 3.359 2.789 2.338 1.686 1.155 1.084
0.013 -0.05655 10.00000 1.0118225813 2.4753570433    1.010  0.728  3.6906  3.428    3  0.000  0.503     0.00     0.00     0.00     0.00     0.00 -1 -1.25e-12      0.00 7.086e-01 2.784e-01 2.140e-03 7.509e-04 5.674e-03 -1.000 1.293e-02 2.949 4.947 4.198 3.258 2.686 2.232 1.576 1.042 0.971
0.013 -0.05655 10.00000 1.0125041008 2.4754957929    1.011  0.771  3.6895  3.382    3  0.000  0.491     0.00     0.00     0.00     0.00     0.00 -1 -1.46e-12      0.00 7.064e-01 2.807e-01 2.090e-03 8.141e-04 5.679e-03 -1.000 1.295e-02 2.843 4.860 4.102 3.157 2.582 2.125 1.465 0.929 0.857
0.013 -0.05655 10.00000 1.0131025314 2.4756174495    1.011  0.811  3.6885  3.337    3  0.000  0.481     0.00     0.00     0.00     0.00     0.00 -1 -1.68e-12      0.00 7.045e-01 2.825e-01 2.051e-03 8.636e-04 5.684e-03 -1.000 1.294e-02 2.742 4.779 4.012 3.061 2.483 2.025 1.361 0.821 0.749
0.013 -0.05655 10.00000 1.0136733055 2.4757333299    1.012  0.853  3.6873  3.292    3  0.000  0.474     0.00     0.00     0.00     0.00     0.00 -1 -1.95e-12      0.00 7.030e-01 2.840e-01 2.023e-03 8.998e-04 5.687e-03 -1.000 1.296e-02 2.638 4.697 3.921 2.963 2.383 1.922 1.254 0.711 0.638
0.013 -0.05655 10.00000 1.0142099857 2.4758421516    1.012  0.895  3.6861  3.245    3  0.000  0.469     0.00     0.00     0.00     0.00     0.00 -1 -2.26e-12      0.00 7.017e-01 2.853e-01 2.000e-03 9.297e-04 5.690e-03 -1.000 1.301e-02 2.534 4.616 3.828 2.865 2.281 1.817 1.145 0.598 0.525
0.013 -0.05655 10.00000 1.0147156715 2.4759445675    1.013  0.937  3.6848  3.197    3  0.000  0.465     0.00     0.00     0.00     0.00     0.00 -1 -2.63e-12      0.00 7.007e-01 2.863e-01 1.984e-03 9.507e-04 5.692e-03 -1.000 1.301e-02 2.427 4.534 3.735 2.765 2.178 1.711 1.034 0.484 0.410
0.013 -0.05655 10.00000 1.0151567459 2.4760338019    1.013  0.978  3.6835  3.152    3  0.000  0.462     0.00     0.00     0.00     0.00     0.00 -1 -3.04e-12      0.00 7.000e-01 2.871e-01 1.972e-03 9.658e-04 5.693e-03 -1.000 1.298e-02 2.326 4.458 3.647 2.670 2.080 1.610 0.928 0.374 0.300
0.013 -0.05655 10.00000 1.0155721903 2.4761177696    1.014  1.019  3.6821  3.106    3  0.000  0.460     0.00     0.00     0.00     0.00     0.00 -1 -3.52e-12      0.00 6.994e-01 2.877e-01 1.963e-03 9.778e-04 5.694e-03 -1.000 1.297e-02 2.224 4.384 3.560 2.575 1.981 1.509 0.821 0.263 0.189
0.013 -0.05655 10.00000 1.0159413815 2.4761923225    1.014  1.058  3.6806  3.061    3  0.000  0.458     0.00     0.00     0.00     0.00     0.00 -1 -4.05e-12      0.00 6.989e-01 2.881e-01 1.956e-03 9.862e-04 5.695e-03 -1.000 1.298e-02 2.126 4.315 3.477 2.485 1.887 1.412 0.719 0.157 0.082
0.013 -0.05655 10.00000 1.0163953304 2.4762839057    1.014  1.110  3.6787  3.001    3  0.000  0.457     0.00     0.00     0.00     0.00     0.00 -1  -4.9e-12      0.00 6.985e-01 2.885e-01 1.951e-03 9.940e-04 5.696e-03 -1.000 1.298e-02 1.995 4.226 3.367 2.365 1.762 1.282 0.582 0.013 -0.063
0.013 -0.05655 10.00000 1.0167907476 2.4763636036    1.015  1.161  3.6766  2.942    3  0.000  0.456     0.00     0.00     0.00     0.00     0.00 -1 -5.88e-12      0.00 6.984e-01 2.887e-01 1.948e-03 9.969e-04 5.697e-03 -1.000 1.297e-02 1.869 4.142 3.262 2.251 1.641 1.157 0.449 -0.126 -0.203
0.013 -0.05655 10.00000 1.0171442032 2.4764347837    1.015  1.210  3.6745  2.884    3  0.000  0.456     0.00     0.00     0.00     0.00     0.00 -1 -7.05e-12      0.00 6.983e-01 2.887e-01 1.948e-03 9.979e-04 5.697e-03 -1.000 1.297e-02 1.744 4.060 3.160 2.138 1.523 1.034 0.318 -0.263 -0.342
0.013 -0.05655 10.00000 1.0174707174 2.4765004877    1.015  1.261  3.6722  2.824    3  0.000  0.456     0.00     0.00     0.00     0.00     0.00 -1 -8.48e-12      0.00 6.983e-01 2.887e-01 1.947e-03 9.983e-04 5.697e-03 -1.000 1.297e-02 1.617 3.979 3.056 2.024 1.403 0.909 0.184 -0.404 -0.484
0.013 -0.05655 10.00000 1.0177574158 2.4765581396    1.015  1.310  3.6699  2.767    3  0.000  0.456     0.00     0.00     0.00     0.00     0.00 -1 -1.01e-11      0.00 6.983e-01 2.887e-01 1.947e-03 9.987e-04 5.697e-03 -1.000 1.297e-02 1.496 3.903 2.958 1.916 1.288 0.790 0.056 -0.539 -0.620
0.013 -0.05655 10.00000 1.0180226564 2.4766114433    1.015  1.358  3.6676  2.709    3  0.000  0.456     0.00     0.00     0.00     0.00     0.00 -1 -1.21e-11      0.00 6.983e-01 2.887e-01 1.947e-03 9.991e-04 5.697e-03 -1.000 1.297e-02 1.374 3.830 2.862 1.808 1.174 0.670 -0.073 -0.674 -0.757
0.013 -0.05655 10.00000 1.0182644129 2.4766599998    1.016  1.406  3.6652  2.651    3  0.000  0.456     0.00     0.00     0.00     0.00     0.00 -1 -1.44e-11      0.00 6.983e-01 2.887e-01 1.946e-03 9.994e-04 5.697e-03 -1.000 1.297e-02 1.254 3.761 2.768 1.703 1.062 0.553 -0.199 -0.809 -0.893
0.013 -0.05655 10.00000 1.0184839964 2.4767040799    1.016  1.453  3.6629  2.596    3  0.000  0.455     0.00     0.00     0.00     0.00     0.00 -1 -1.71e-11      0.00 6.983e-01 2.887e-01 1.946e-03 9.997e-04 5.697e-03 -1.000 1.297e-02 1.138 3.695 2.678 1.602 0.954 0.440 -0.321 -0.938 -1.024
0.013 -0.05655 10.00000 1.0187000036 2.4767474207    1.016  1.498  3.6605  2.541    3  0.000  0.455     0.00     0.00     0.00     0.00     0.00 -1 -2.03e-11      0.00 6.983e-01 2.887e-01 1.946e-03 1.000e-03 5.697e-03 -1.000 1.297e-02 1.025 3.632 2.590 1.503 0.849 0.329 -0.442 -1.066 -1.154
0.013 -0.05655 10.00000 1.0189855099 2.4768046738    1.016  1.543  3.6582  2.487    3  0.000  0.455     0.00     0.00     0.00     0.00     0.00 -1 -2.39e-11      0.00 6.983e-01 2.887e-01 1.946e-03 1.000e-03 5.697e-03 -1.000 1.298e-02 0.914 3.574 2.506 1.407 0.746 0.220 -0.559 -1.190 -1.279
0.013 -0.05655 10.00000 1.0190305710 2.4768137066    1.016  1.548  3.6580  2.481    3  0.000  0.455     0.00     0.00     0.00     0.00     0.00 -1 -2.44e-11      0.00 6.983e-01 2.887e-01 1.946e-03 1.000e-03 5.697e-03 -1.000 1.298e-02 0.900 3.568 2.497 1.396 0.733 0.207 -0.573 -1.205 -1.294
0.013 -0.05655 10.00000 1.0192002058 2.4768477029    1.016  1.520  3.6599  2.516    3  0.000  0.455     0.00     0.00     0.00     0.00     0.00 -1 -2.23e-11      0.00 6.983e-01 2.888e-01 1.945e-03 1.001e-03 5.697e-03 -1.000 1.298e-02 0.970 3.589 2.542 1.452 0.796 0.274 -0.498 -1.124 -1.213
0.013 -0.05655 10.00000 1.0193200111 2.4768717051    1.016  1.483  3.6623  2.563    3  0.000  0.455     0.00     0.00     0.00     0.00     0.00 -1 -1.94e-11      0.00 6.983e-01 2.888e-01 1.945e-03 1.001e-03 5.697e-03 -1.000 1.298e-02 1.063 3.630 2.609 1.530 0.881 0.365 -0.398 -1.016 -1.103
0.013 -0.05655 10.00000 1.0193400383 2.4768757167    1.016  1.477  3.6627  2.571    3  0.000  0.455     0.00     0.00     0.00     0.00     0.00 -1 -1.89e-11      0.00 6.983e-01 2.888e-01 1.945e-03 1.001e-03 5.697e-03 -1.000 1.298e-02 1.078 3.637 2.619 1.542 0.894 0.380 -0.382 -0.999 -1.085
0.013 -0.05655 10.00000 1.0193811655 2.4768839544    1.016  1.489  3.6621  2.557    3  0.000  0.455     0.00     0.00     0.00     0.00     0.00 -1 -1.96e-11      0.00 6.983e-01 2.888e-01 1.945e-03 1.001e-03 5.697e-03 -1.000 1.298e-02 1.049 3.621 2.597 1.517 0.867 0.351 -0.413 -1.032 -1.119
0.013 -0.05655 10.00000 1.0195627213 2.4769203104    1.016  1.538  3.6593  2.496    3  0.000  0.455     0.00     0.00     0.00     0.00     0.00 -1 -2.34e-11      0.00 6.983e-01 2.888e-01 1.945e-03 1.001e-03 5.698e-03 -1.000 1.298e-02 0.925 3.557 2.504 1.410 0.753 0.230 -0.545 -1.172 -1.261
0.013 -0.05655 10.00000 1.0197359324 2.4769549816    1.016  1.587  3.6566  2.437    3  0.000  0.455     0.00     0.00     0.00     0.00     0.00 -1  -2.8e-11      0.00 6.983e-01 2.888e-01 1.945e-03 1.001e-03 5.698e-03 -1.000 1.298e-02 0.803 3.516 2.420 1.309 0.641 0.112 -0.674 -1.310 -1.400
0.013 -0.05655 10.00000 1.0198934078 2.4769864913    1.016  1.634  3.6539  2.379    3  0.000  0.455     0.00     0.00     0.00     0.00     0.00 -1 -3.33e-11      0.00 6.982e-01 2.888e-01 1.945e-03 1.002e-03 5.698e-03 -1.000 1.298e-02 0.686 3.478 2.340 1.210 0.533 -0.003 -0.800 -1.444 -1.536
0.013 -0.05655 10.00000 1.0200388432 2.4770155819    1.016  1.681  3.6511  2.321    3  0.000  0.455     0.00     0.00     0.00     0.00     0.00 -1 -3.97e-11      0.00 6.982e-01 2.888e-01 1.945e-03 1.002e-03 5.698e-03 -1.000 1.298e-02 0.568 3.442 2.261 1.113 0.425 -0.118 -0.925 -1.577 -1.671
0.013 -0.05655 10.00000 1.0201735497 2.4770425179    1.016  1.728  3.6483  2.262    3  0.000  0.455     0.00     0.00     0.00     0.00     0.00 -1 -4.73e-11      0.00 6.982e-01 2.888e-01 1.945e-03 1.002e-03 5.698e-03 -1.000 1.298e-02 0.451 3.409 2.183 1.016 0.318 -0.232 -1.051 -1.711 -1.807
0.013 -0.05655 10.00000 1.0202947855 2.4770667534    1.016  1.774  3.6455  2.205    3  0.000  0.455     0.00     0.00     0.00     0.00     0.00 -1 -5.62e-11      0.00 6.982e-01 2.888e-01 1.944e-03 1.002e-03 5.698e-03 -1.000 1.298e-02 0.336 3.382 2.111 0.924 0.215 -0.343 -1.174 -1.843 -1.940
0.013 -0.05655 10.00000 1.0204062462 2.4770890289    1.016  1.820  3.6426  2.148    3  0.000  0.455     0.00     0.00     0.00     0.00     0.00 -1 -6.67e-11      0.00 6.982e-01 2.888e-01 1.944e-03 1.002e-03 5.698e-03 -1.000 1.298e-02 0.221 3.355 2.037 0.832 0.112 -0.454 -1.296 -1.974 -2.074
0.013 -0.05655 10.00000 1.0205087662 2.4771095127    1.015  1.866  3.6397  2.090    3  0.000  0.455     0.00     0.00     0.00     0.00     0.00 -1 -7.93e-11      0.00 6.982e-01 2.888e-01 1.944e-03 1.002e-03 5.698e-03 -1.000 1.298e-02 0.106 3.331 1.966 0.741 0.009 -0.565 -1.419 -2.106 -2.208
0.013 -0.05655 10.00000 1.0206021070 2.4771281583    1.015  1.911  3.6368  2.033    3  0.000  0.455     0.00     0.00     0.00     0.00     0.00 -1  -9.4e-11      0.00 6.982e-01 2.888e-01 1.944e-03 1.003e-03 5.698e-03 -1.000 1.298e-02 -0.007 3.310 1.898 0.653 -0.089 -0.674 -1.540 -2.236 -2.340
0.013 -0.05655 10.00000 1.0206871033 2.4771451336    1.015  1.955  3.6339  1.977    3  0.000  0.455     0.00     0.00     0.00     0.00     0.00 -1 -1.11e-10      0.00 6.982e-01 2.888e-01 1.944e-03 1.003e-03 5.698e-03 -1.000 1.298e-02 -0.118 3.281 1.832 0.567 -0.186 -0.779 -1.658 -2.361 -2.468
0.013 -0.05655 10.00000 1.0207653046 2.4771607490    1.015  2.000  3.6309  1.920    3  0.000  0.455     0.00     0.00     0.00     0.00     0.00 -1 -1.31e-10      0.00 6.982e-01 2.888e-01 1.944e-03 1.003e-03 5.698e-03 -1.000 1.298e-02 -0.230 3.234 1.767 0.477 -0.283 -0.884 -1.775 -2.483 -2.595
0.013 -0.05655 10.00000 1.0208371878 2.4771751003    1.014  2.045  3.6279  1.863    3  0.000  0.455     0.00     0.00     0.00     0.00     0.00 -1 -1.56e-10      0.00 6.982e-01 2.888e-01 1.944e-03 1.003e-03 5.698e-03 -1.000 1.298e-02 -0.342 3.185 1.702 0.389 -0.378 -0.988 -1.893 -2.605 -2.722
0.013 -0.05655 10.00000 1.0209009647 2.4771878313    1.014  2.088  3.6249  1.808    3  0.000  0.455     0.00     0.00     0.00     0.00     0.00 -1 -1.83e-10      0.00 6.982e-01 2.888e-01 1.944e-03 1.003e-03 5.698e-03 -1.000 1.298e-02 -0.449 3.138 1.640 0.306 -0.468 -1.088 -2.005 -2.722 -2.844
0.013 -0.05655 10.00000 1.0209608078 2.4771997754    1.014  2.132  3.6219  1.752    3  0.000  0.455     0.00     0.00     0.00     0.00     0.00 -1 -2.16e-10      0.00 6.982e-01 2.888e-01 1.944e-03 1.003e-03 5.698e-03 -1.000 1.298e-02 -0.559 3.087 1.576 0.220 -0.560 -1.189 -2.120 -2.841 -2.969
0.013 -0.05655 10.00000 1.0210152864 2.4772106474    1.013  2.175  3.6188  1.696    3  0.000  0.455     0.00     0.00     0.00     0.00     0.00 -1 -2.55e-10      0.00 6.982e-01 2.888e-01 1.944e-03 1.003e-03 5.698e-03 -1.000 1.298e-02 -0.667 3.035 1.513 0.138 -0.650 -1.288 -2.233 -2.958 -3.092
0.013 -0.05655 10.00000 1.0210653543 2.4772206379    1.013  2.218  3.6158  1.641    3  0.000  0.455     0.00     0.00     0.00     0.00     0.00 -1    -3e-10      0.00 6.982e-01 2.888e-01 1.944e-03 1.003e-03 5.698e-03 -1.000 1.298e-02 -0.774 2.983 1.451 0.057 -0.736 -1.385 -2.345 -3.075 -3.215
0.013 -0.05655 10.00000 1.0211120844 2.4772299615    1.012  2.261  3.6127  1.585    3  0.000  0.455     0.00     0.00     0.00     0.00     0.00 -1 -3.53e-10      0.00 6.982e-01 2.888e-01 1.944e-03 1.003e-03 5.698e-03 -1.000 1.298e-02 -0.882 2.930 1.389 -0.024 -0.824 -1.483 -2.457 -3.192 -3.339
0.013 -0.05655 10.00000 1.0211536884 2.4772382614    1.012  2.302  3.6096  1.531    3  0.000  0.455     0.00     0.00     0.00     0.00     0.00 -1 -4.14e-10      0.00 6.982e-01 2.888e-01 1.944e-03 1.003e-03 5.698e-03 -1.000 1.298e-02 -0.985 2.881 1.330 -0.100 -0.908 -1.576 -2.565 -3.305 -3.459
0.013 -0.05655 10.00000 1.0211927891 2.4772460612    1.011  2.344  3.6064  1.476    3  0.000  0.455     0.00     0.00     0.00     0.00     0.00 -1 -4.86e-10      0.00 6.982e-01 2.888e-01 1.944e-03 1.003e-03 5.698e-03 -1.000 1.298e-02 -1.091 2.850 1.275 -0.171 -0.989 -1.671 -2.676 -3.423 -3.583
0.013 -0.05655 10.00000 1.0212285519 2.4772531946    1.011  2.386  3.6033  1.422    3  0.000  0.455     0.00     0.00     0.00     0.00     0.00 -1  -5.7e-10      0.00 6.982e-01 2.888e-01 1.944e-03 1.003e-03 5.698e-03 -1.000 1.298e-02 -1.194 2.850 1.228 -0.237 -1.069 -1.766 -2.787 -3.542 -3.707
0.013 -0.05655 10.00000 1.0212610960 2.4772596855    1.010  2.426  3.6001  1.369    3  0.000  0.455     0.00     0.00     0.00     0.00     0.00 -1 -6.66e-10      0.00 6.982e-01 2.888e-01 1.943e-03 1.003e-03 5.698e-03 -1.000 1.298e-02 -1.296 2.853 1.184 -0.301 -1.146 -1.859 -2.895 -3.659 -3.829
0.013 -0.05655 10.00000 1.0212916136 2.4772657718    1.009  2.467  3.5969  1.315    3  0.000  0.455     0.00     0.00     0.00     0.00     0.00 -1 -7.79e-10      0.00 6.982e-01 2.888e-01 1.943e-03 1.004e-03 5.698e-03 -1.000 1.298e-02 -1.398 2.851 1.142 -0.359 -1.218 -1.952 -3.005 -3.778 -3.952
0.013 -0.05655 10.00000 1.0213196278 2.4772713584    1.008  2.507  3.5937  1.261    3  0.000  0.455    11.98     8.73     6.10     4.71     3.82  4  -9.1e-10      0.00 6.982e-01 2.888e-01 1.943e-03 1.004e-03 5.698e-03 -1.000 1.298e-02 -1.498 2.850 1.102 -0.415 -1.288 -2.043 -3.113 -3.895 -4.074
0.013 -0.05655 10.00000 1.0213446617 2.4772763504    1.008  2.546  3.5905  1.209    3  0.000  0.455    13.35     9.59     6.67     5.16     4.18  3 -1.06e-09      0.00 6.982e-01 2.888e-01 1.943e-03 1.004e-03 5.698e-03 -1.000 1.298e-02 -1.596 2.852 1.065 -0.468 -1.356 -2.131 -3.218 -4.008 -4.192
0.013 -0.05655 10.00000 1.0213687420 2.4772811520    1.007  2.586  3.5872  1.155    3  0.000  0.455    14.93    10.56     7.32     5.66     4.60  3 -1.24e-09      0.00 6.982e-01 2.888e-01 1.943e-03 1.004e-03 5.698e-03 -1.000 1.298e-02 -1.696 2.851 1.031 -0.515 -1.419 -2.221 -3.326 -4.125 -4.314
0.013 -0.05655 10.00000 1.0213904381 2.4772854779    1.006  2.625  3.5839  1.103    3  0.000  0.455    16.63    11.60     8.00     6.20     5.03  3 -1.43e-09      0.00 6.982e-01 2.888e-01 1.943e-03 1.004e-03 5.698e-03 -1.000 1.298e-02 -1.792 2.851 1.001 -0.558 -1.478 -2.306 -3.429 -4.237 -4.431
0.013 -0.05655 10.00000 1.0214101076 2.4772893996    1.005  2.662  3.5807  1.053    3  0.000  0.455    18.47    12.71     8.73     6.78     5.50  3 -1.66e-09      0.00 6.982e-01 2.888e-01 1.943e-03 1.004e-03 5.698e-03 -1.000 1.298e-02 -1.885 2.854 0.974 -0.598 -1.534 -2.389 -3.530 -4.346 -4.545
0.013 -0.05655 10.00000 1.0214291811 2.4772932023    1.003  2.700  3.5773  1.000    3  0.000  0.455    20.60    13.96     9.56     7.43     6.03  3 -1.93e-09      0.00 6.982e-01 2.888e-01 1.943e-03 1.004e-03 5.698e-03 -1.000 1.298e-02 -1.981 2.851 0.952 -0.628 -1.582 -2.472 -3.634 -4.459 -4.664
0.013 -0.05655 10.00000 1.0214463472 2.4772966246    1.002  2.737  3.5739  0.950    3  0.000  0.455    22.89    15.30    10.43     8.11     6.59  3 -2.22e-09      0.00 6.982e-01 2.888e-01 1.943e-03 1.004e-03 5.698e-03 -1.000 1.298e-02 -2.073 2.856 0.940 -0.649 -1.623 -2.551 -3.735 -4.568 -4.778
0.013 -0.05655 10.00000 1.0214658976 2.4773005220    1.001  2.781  3.5697  0.888    3  0.000  0.455    26.04    17.11    11.60     9.04     7.35  3 -2.65e-09      0.00 6.982e-01 2.888e-01 1.943e-03 1.004e-03 5.698e-03 -1.000 1.298e-02 -2.184 2.864 0.928 -0.671 -1.670 -2.645 -3.857 -4.700 -4.917
0.013 -0.05655 10.00000 1.0214838982 2.4773041103    0.999  2.826  3.5655  0.826    3  0.000  0.455    29.62    19.13    12.91    10.08     8.19  2 -3.16e-09      0.00 6.982e-01 2.888e-01 1.943e-03 1.004e-03 5.698e-03 -1.000 1.298e-02 -2.294 2.865 0.929 -0.671 -1.700 -2.735 -3.981 -4.832 -5.055
0.013 -0.05655 10.00000 1.0215008259 2.4773074847    0.997  2.870  3.5612  0.764    3  0.000  0.455    33.70    21.39    14.36    11.23     9.13  2 -3.76e-09      0.00 6.982e-01 2.888e-01 1.943e-03 1.004e-03 5.698e-03 -1.000 1.298e-02 -2.405 2.867 0.931 -0.671 -1.730 -2.825 -4.104 -4.963 -5.194
0.013 -0.05655 10.00000 1.0215159655 2.4773105024    0.994  2.913  3.5570  0.703    3  0.000  0.455    38.24    23.86    15.94    12.49    10.16  2 -4.47e-09      0.00 6.982e-01 2.888e-01 1.943e-03 1.004e-03 5.698e-03 -1.000 1.298e-02 -2.512 2.868 0.950 -0.648 -1.744 -2.906 -4.223 -5.092 -5.329
0.013 -0.05655 10.00000 1.0215300322 2.4773133063    0.992  2.955  3.5527  0.643    3  0.000  0.455    43.34    26.59    17.68    13.87    11.28  2 -5.29e-09      0.00 6.982e-01 2.888e-01 1.943e-03 1.004e-03 5.698e-03 -1.000 1.298e-02 -2.617 2.870 0.977 -0.614 -1.750 -2.983 -4.341 -5.218 -5.462
0.013 -0.05655 10.00000 1.0215429068 2.4773158724    0.989  2.996  3.5483  0.583    3  0.000  0.455    49.04    29.59    19.58    15.39    12.52  2 -6.24e-09      0.00 6.982e-01 2.888e-01 1.943e-03 1.004e-03 5.698e-03 -1.000 1.298e-02 -2.719 2.872 1.015 -0.565 -1.745 -3.052 -4.456 -5.342 -5.593
0.013 -0.05655 10.00000 1.0215548277 2.4773182484    0.987  3.036  3.5440  0.524    3  0.000  0.455    55.43    32.90    21.66    17.05    13.88  2 -7.36e-09      0.00 6.982e-01 2.888e-01 1.943e-03 1.004e-03 5.698e-03 -1.000 1.298e-02 -2.820 2.874 1.068 -0.496 -1.727 -3.111 -4.571 -5.463 -5.722
0.013 -0.05655 10.00000 1.0215660334 2.4773204817    0.983  3.076  3.5396  0.465    3  0.000  0.455    62.60    36.54    23.94    18.88    15.37  2 -8.65e-09      0.00 6.982e-01 2.888e-01 1.943e-03 1.004e-03 5.698e-03 -1.000 1.298e-02 -2.919 2.878 1.129 -0.418 -1.704 -3.168 -4.684 -5.584 -5.851
0.013 -0.05655 10.00000 1.0215761662 2.4773225012    0.980  3.114  3.5352  0.408    3  0.000  0.455    70.53    40.51    26.41    20.86    16.99  2 -1.01e-08      0.00 6.982e-01 2.888e-01 1.943e-03 1.004e-03 5.698e-03 -1.000 1.298e-02 -3.015 2.882 1.215 -0.309 -1.662 -3.207 -4.796 -5.701 -5.976
0.013 -0.05655 10.00000 1.0215858221 2.4773244256    0.976  3.152  3.5308  0.350    3  0.000  0.455    79.47    44.90    29.14    23.06    18.78  1 -1.19e-08      0.00 6.982e-01 2.888e-01 1.943e-03 1.004e-03 5.698e-03 -1.000 1.298e-02 -3.111 2.887 1.303 -0.197 -1.618 -3.245 -4.907 -5.817 -6.100
0.013 -0.05655 10.00000 1.0215945244 2.4773261600    0.972  3.189  3.5264  0.294    3  0.000  0.455    89.29    49.65    32.07    25.42    20.71  1 -1.39e-08      0.00 6.982e-01 2.888e-01 1.943e-03 1.004e-03 5.698e-03 -1.000 1.298e-02 -3.203 2.892 1.418 -0.052 -1.555 -3.257 -5.014 -5.929 -6.221
0.013 -0.05655 10.00000 1.0216028690 2.4773278230    0.968  3.226  3.5219  0.238    3  0.000  0.455   100.36    54.90    35.31    28.03    22.83  1 -1.62e-08      0.00 6.982e-01 2.888e-01 1.943e-03 1.004e-03 5.698e-03 -1.000 1.298e-02 -3.294 2.900 1.544 0.106 -1.484 -3.261 -5.121 -6.040 -6.341
0.013 -0.05655 10.00000 1.0216107368 2.4773293909    0.963  3.262  3.5175  0.181    3  0.000  0.455   112.85    60.73    38.87    30.91    25.19  0 -1.88e-08      0.00 6.982e-01 2.888e-01 1.943e-03 1.004e-03 5.698e-03 -1.000 1.298e-02 -3.385 2.908 1.692 0.296 -1.394 -3.242 -5.227 -6.150 -6.461
0.013 -0.05655 10.00000 1.0216177702 2.4773307925    0.958  3.296  3.5130  0.127    3  0.000  0.455   126.25    66.88    42.62    33.94    27.66  0 -2.17e-08      0.00 6.982e-01 2.888e-01 1.943e-03 1.004e-03 5.698e-03 -1.000 1.298e-02 -3.470 2.919 1.856 0.510 -1.287 -3.203 -5.326 -6.254 -6.574
0.013 -0.05655 10.00000 1.0216246843 2.4773321704    0.952  3.331  3.5086  0.072    3  0.000  0.455   141.52    73.77    46.79    37.33    30.43  0 -2.51e-08      0.00 6.982e-01 2.888e-01 1.943e-03 1.004e-03 5.698e-03 -1.000 1.298e-02 -3.557 2.925 2.008 0.709 -1.189 -3.167 -5.428 -6.360 -6.689
0.013 -0.05655 10.00000 1.0216312408 2.4773334769    0.946  3.364  3.5042  0.018    3  0.000  0.455   158.30    81.20    51.28    40.97    33.41  0  -2.9e-08      0.00 6.982e-01 2.888e-01 1.943e-03 1.004e-03 5.698e-03 -1.000 1.298e-02 -3.641 2.929 2.149 0.893 -1.098 -3.126 -5.526 -6.462 -6.799
0.013 -0.05655 10.00000 1.0216386318 2.4773349498    0.938  3.401  3.4995 -0.041    3  0.000  0.455   174.35    90.12    56.63    45.34    36.97  0  -3.4e-08      0.00 6.982e-01 2.888e-01 1.943e-03 1.004e-03 5.698e-03 -1.000 1.298e-02 -3.731 2.937 2.316 1.107 -0.990 -3.071 -5.632 -6.572 -6.919
0.013 -0.05655 10.00000 1.0216386318 2.4773349498    0.938  1.685  3.6713  2.362    4  0.000  0.475     0.00     0.00     0.00     0.00     0.00 -1    -1e-30      0.00 7.011e-01 2.860e-01 2.021e-03 8.987e-04 5.676e-03 -1.000 1.294e-02 0.557 2.950 2.013 0.958 0.344 -0.150 -0.881 -1.466 -1.547
0.013 -0.05655 10.00000 1.0217336416 2.4773538805    0.938  1.693  3.6708  2.352    4  0.000  0.475     0.00     0.00     0.00     0.00     0.00 -1    -1e-30      0.00 7.011e-01 2.860e-01 2.021e-03 8.987e-04 5.676e-03 -1.000 1.294e-02 0.537 2.944 1.999 0.941 0.326 -0.170 -0.903 -1.489 -1.570
0.013 -0.05655 10.00000 1.0218199492 2.4773710738    0.938  1.697  3.6707  2.348    4  0.000  0.475     0.00     0.00     0.00     0.00     0.00 -1    -1e-30      0.00 7.011e-01 2.860e-01 2.021e-03 8.987e-04 5.676e-03 -1.000 1.294e-02 0.529 2.939 1.993 0.933 0.317 -0.179 -0.912 -1.498 -1.580
0.013 -0.05655 10.00000 1.0219076872 2.4773885487    0.938  1.696  3.6709  2.349    4  0.000  0.475     0.00     0.00     0.00     0.00     0.00 -1    -1e-30      0.00 7.011e-01 2.860e-01 2.021e-03 8.987e-04 5.676e-03 -1.000 1.294e-02 0.529 2.935 1.991 0.932 0.317 -0.178 -0.911 -1.496 -1.578
0.013 -0.05655 10.00000 1.0219960213 2.4774061388    0.938  1.694  3.6713  2.353    4  0.000  0.475     0.00     0.00     0.00     0.00     0.00 -1    -1e-30      0.00 7.011e-01 2.860e-01 2.021e-03 8.988e-04 5.676e-03 -1.000 1.294e-02 0.534 2.930 1.991 0.935 0.321 -0.174 -0.905 -1.489 -1.570
0.013 -0.05655 10.00000 1.0220850706 2.4774238678    0.938  1.692  3.6718  2.358    4  0.000  0.475     0.00     0.00     0.00     0.00     0.00 -1    -1e-30      0.00 7.011e-01 2.860e-01 2.021e-03 8.988e-04 5.676e-03 -1.000 1.294e-02 0.541 2.924 1.992 0.939 0.326 -0.167 -0.896 -1.479 -1.560
0.013 -0.05655 10.00000 1.0221720934 2.4774411898    0.938  1.689  3.6723  2.363    4  0.000  0.475     0.00     0.00     0.00     0.00     0.00 -1    -1e-30      0.00 7.011e-01 2.860e-01 2.021e-03 8.988e-04 5.676e-03 -1.000 1.294e-02 0.548 2.919 1.993 0.942 0.332 -0.161 -0.888 -1.469 -1.550
0.013 -0.05655 10.00000 1.0222613811 2.4774589592    0.938  1.686  3.6729  2.368    4  0.000  0.475     0.00     0.00     0.00     0.00     0.00 -1    -1e-30      0.00 7.011e-01 2.860e-01 2.021e-03 8.988e-04 5.676e-03 -1.000 1.294e-02 0.555 2.912 1.994 0.946 0.337 -0.154 -0.879 -1.459 -1.539
0.013 -0.05655 10.00000 1.0223525763 2.4774771045    0.938  1.683  3.6734  2.373    4  0.000  0.475     0.00     0.00     0.00     0.00     0.00 -1    -1e-30      0.00 7.011e-01 2.860e-01 2.021e-03 8.988e-04 5.676e-03 -1.000 1.294e-02 0.562 2.907 1.995 0.950 0.343 -0.147 -0.870 -1.449 -1.528
0.013 -0.05655 10.00000 1.0224419832 2.4774948904    0.939  1.681  3.6739  2.377    4  0.000  0.475     0.00     0.00     0.00     0.00     0.00 -1    -1e-30      0.00 7.011e-01 2.860e-01 2.021e-03 8.988e-04 5.676e-03 -1.000 1.294e-02 0.568 2.902 1.996 0.953 0.348 -0.141 -0.863 -1.439 -1.519
0.013 -0.05655 10.00000 1.0225350857 2.4775134077    0.939  1.679  3.6743  2.381    4  0.000  0.475     0.00     0.00     0.00     0.00     0.00 -1    -1e-30      0.00 7.011e-01 2.860e-01 2.021e-03 8.988e-04 5.676e-03 -1.000 1.294e-02 0.573 2.897 1.996 0.956 0.352 -0.136 -0.856 -1.431 -1.510
0.013 -0.05655 10.00000 1.0226291418 2.4775321107    0.939  1.677  3.6747  2.385    4  0.000  0.475     0.00     0.00     0.00     0.00     0.00 -1    -1e-30      0.00 7.011e-01 2.860e-01 2.021e-03 8.988e-04 5.676e-03 -1.000 1.294e-02 0.578 2.892 1.997 0.959 0.356 -0.132 -0.850 -1.424 -1.503
0.013 -0.05655 10.00000 1.0227242708 2.4775510230    0.939  1.675  3.6751  2.388    4  0.000  0.475     0.00     0.00     0.00     0.00     0.00 -1    -1e-30      0.00 7.011e-01 2.860e-01 2.021e-03 8.989e-04 5.676e-03 -1.000 1.294e-02 0.582 2.888 1.997 0.961 0.359 -0.128 -0.844 -1.417 -1.496
0.013 -0.05655 10.00000 1.0228171349 2.4775694811    0.939  1.674  3.6754  2.391    4  0.000  0.475     0.00     0.00     0.00     0.00     0.00 -1    -1e-30      0.00 7.011e-01 2.860e-01 2.021e-03 8.989e-04 5.676e-03 -1.000 1.294e-02 0.586 2.883 1.996 0.962 0.362 -0.125 -0.840 -1.412 -1.491
0.013 -0.05655 10.00000 1.0228554010 2.4775770859    0.939  1.673  3.6756  2.392    4  0.000  0.475     0.00     0.00     0.00     0.00     0.00 -1    -1e-30      0.00 7.011e-01 2.860e-01 2.021e-03 8.989e-04 5.676e-03 -1.000 1.294e-02 0.587 2.882 1.996 0.963 0.363 -0.123 -0.838 -1.410 -1.489
0.013 -0.05655 10.00000 1.0228843689 2.4775828424    0.939  1.673  3.6756  2.392    4  0.000  0.475     0.00     0.00     0.00     0.00     0.00 -1    -1e-30      0.00 7.011e-01 2.860e-01 2.021e-03 8.989e-04 5.676e-03 -1.000 1.294e-02 0.588 2.881 1.996 0.963 0.363 -0.123 -0.837 -1.409 -1.487
0.013 -0.05655 10.00000 1.0229737759 2.4776006071    0.939  1.672  3.6759  2.394    4  0.000  0.475     0.00     0.00     0.00     0.00     0.00 -1    -1e-30      0.00 7.011e-01 2.860e-01 2.021e-03 8.989e-04 5.676e-03 -1.000 1.294e-02 0.590 2.877 1.996 0.963 0.365 -0.121 -0.834 -1.405 -1.484
0.013 -0.05655 10.00000 1.0230605602 2.4776178472    0.939  1.671  3.6761  2.396    4  0.000  0.475     0.00     0.00     0.00     0.00     0.00 -1    -1e-30      0.00 7.011e-01 2.860e-01 2.021e-03 8.989e-04 5.676e-03 -1.000 1.294e-02 0.591 2.874 1.995 0.964 0.366 -0.119 -0.832 -1.402 -1.481
0.013 -0.05655 10.00000 1.0231438875 2.4776343974    0.939  1.671  3.6762  2.397    4  0.000  0.475     0.00     0.00     0.00     0.00     0.00 -1    -1e-30      0.00 7.011e-01 2.860e-01 2.021e-03 8.989e-04 5.676e-03 -1.000 1.294e-02 0.592 2.871 1.994 0.964 0.366 -0.118 -0.831 -1.401 -1.479
0.013 -0.05655 10.00000 1.0232334137 2.4776521754    0.940  1.671  3.6764  2.397    4  0.000  0.475     0.00     0.00     0.00     0.00     0.00 -1    -1e-30      0.00 7.011e-01 2.860e-01 2.021e-03 8.989e-04 5.676e-03 -1.000 1.294e-02 0.592 2.868 1.993 0.963 0.366 -0.118 -0.830 -1.400 -1.478
0.013 -0.05655 10.00000 1.0233181715 2.4776690031    0.940  1.671  3.6764  2.397    4  0.000  0.475     0.00     0.00     0.00     0.00     0.00 -1    -1e-30      0.00 7.011e-01 2.860e-01 2.021e-03 8.989e-04 5.676e-03 -1.000 1.294e-02 0.591 2.866 1.991 0.962 0.365 -0.119 -0.831 -1.400 -1.478
0.013 -0.05655 10.00000 1.0234049559 2.4776862299    0.940  1.672  3.6764  2.397    4  0.000  0.475     0.00     0.00     0.00     0.00     0.00 -1    -1e-30      0.00 7.011e-01 2.860e-01 2.021e-03 8.990e-04 5.676e-03 -1.000 1.294e-02 0.590 2.864 1.989 0.960 0.363 -0.121 -0.833 -1.402 -1.480
0.013 -0.05655 10.00000 1.0234900713 2.4777031221    0.940  1.673  3.6764  2.395    4  0.000  0.475     0.00     0.00     0.00     0.00     0.00 -1    -1e-30      0.00 7.011e-01 2.860e-01 2.021e-03 8.990e-04 5.676e-03 -1.000 1.294e-02 0.587 2.863 1.987 0.957 0.360 -0.124 -0.836 -1.405 -1.483
0.013 -0.05655 10.00000 1.0234960318 2.4777043049    0.940  1.673  3.6764  2.395    4  0.000  0.475     0.00     0.00     0.00     0.00     0.00 -1    -1e-30      0.00 7.011e-01 2.860e-01 2.021e-03 8.990e-04 5.676e-03 -1.000 1.294e-02 0.587 2.862 1.987 0.957 0.360 -0.124 -0.836 -1.405 -1.483
0.013 -0.05655 10.00000 1.0235363245 2.4777123003    0.940  1.674  3.6763  2.394    4  0.000  0.475     0.00     0.00     0.00     0.00     0.00 -1    -1e-30      0.00 7.011e-01 2.860e-01 2.021e-03 8.990e-04 5.676e-03 -1.000 1.294e-02 0.585 2.862 1.986 0.956 0.358 -0.126 -0.838 -1.407 -1.486
0.013 -0.05655 10.00000 1.0236201286 2.4777289274    0.940  1.676  3.6762  2.392    4  0.000  0.475     0.00     0.00     0.00     0.00     0.00 -1    -1e-30      0.00 7.010e-01 2.860e-01 2.021e-03 8.990e-04 5.676e-03 -1.000 1.294e-02 0.580 2.860 1.982 0.952 0.354 -0.131 -0.843 -1.413 -1.491
0.013 -0.05655 10.00000 1.0237034559 2.4777454568    0.940  1.678  3.6760  2.389    4  0.000  0.475     0.00     0.00     0.00     0.00     0.00 -1    -1e-30      0.00 7.010e-01 2.860e-01 2.021e-03 8.990e-04 5.676e-03 -1.000 1.294e-02 0.574 2.859 1.979 0.947 0.348 -0.137 -0.850 -1.420 -1.499
0.013 -0.05655 10.00000 1.0237921476 2.4777630470    0.940  1.682  3.6757  2.384    4  0.000  0.475     0.00     0.00     0.00     0.00     0.00 -1    -1e-30      0.00 7.010e-01 2.860e-01 2.021e-03 8.990e-04 5.676e-03 -1.000 1.294e-02 0.566 2.859 1.974 0.940 0.341 -0.145 -0.859 -1.430 -1.508
0.013 -0.05655 10.00000 1.0238819122 2.4777808463    0.940  1.686  3.6754  2.379    4  0.000  0.475     0.00     0.00     0.00     0.00     0.00 -1    -1e-30      0.00 7.010e-01 2.860e-01 2.021e-03 8.990e-04 5.676e-03 -1.000 1.294e-02 0.556 2.858 1.968 0.932 0.332 -0.154 -0.870 -1.442 -1.521
0.013 -0.05655 10.00000 1.0239654779 2.4777974132    0.940  1.690  3.6749  2.373    4  0.000  0.475     0.00     0.00     0.00     0.00     0.00 -1    -1e-30      0.00 7.010e-01 2.860e-01 2.021e-03 8.990e-04 5.676e-03 -1.000 1.294e-02 0.544 2.858 1.962 0.923 0.321 -0.166 -0.883 -1.457 -1.536
0.013 -0.05655 10.00000 1.0240508318 2.4778143315    0.940  1.696  3.6744  2.365    4  0.000  0.475     0.00     0.00     0.00     0.00     0.00 -1    -1e-30      0.00 7.010e-01 2.860e-01 2.021e-03 8.991e-04 5.676e-03 -1.000 1.294e-02 0.530 2.857 1.954 0.913 0.309 -0.180 -0.899 -1.474 -1.553
0.013 -0.05655 10.00000 1.0241342783 2.4778308685    0.941  1.702  3.6738  2.357    4  0.000  0.475     0.00     0.00     0.00     0.00     0.00 -1    -1e-30      0.00 7.010e-01 2.860e-01 2.021e-03 8.991e-04 5.676e-03 -1.000 1.294e-02 0.515 2.857 1.946 0.901 0.295 -0.194 -0.916 -1.493 -1.572
0.013 -0.05655 10.00000 1.0242196321 2.4778477803    0.941  1.709  3.6731  2.347    4  0.000  0.475     0.00     0.00     0.00     0.00     0.00 -1    -1e-30      0.00 7.010e-01 2.860e-01 2.021e-03 8.991e-04 5.676e-03 -1.000 1.294e-02 0.498 2.856 1.936 0.887 0.279 -0.211 -0.936 -1.514 -1.594
0.013 -0.05655 10.00000 1.0243107080 2.4778658223    0.941  1.720  3.6720  2.332    4  0.000  0.475     0.00     0.00     0.00     0.00     0.00 -1    -1e-30      0.00 7.010e-01 2.860e-01 2.021e-03 8.991e-04 5.676e-03 -1.000 1.294e-02 0.471 2.856 1.922 0.867 0.256 -0.238 -0.966 -1.547 -1.628
0.013 -0.05655 10.00000 1.0243844986 2.4778804374    0.941  1.721  3.6720  2.331    4  0.000  0.475     0.00     0.00     0.00     0.00     0.00 -1    -1e-30      0.00 7.010e-01 2.860e-01 2.021e-03 8.991e-04 5.676e-03 -1.000 1.294e-02 0.469 2.855 1.921 0.865 0.253 -0.240 -0.968 -1.550 -1.631
0.013 -0.05655 10.00000 1.0244717598 2.4778977174    0.941  1.737  3.6704  2.308    4  0.000  0.475     0.00     0.00     0.00     0.00     0.00 -1    -1e-30      0.00 7.010e-01 2.860e-01 2.021e-03 8.991e-04 5.676e-03 -1.000 1.294e-02 0.428 2.854 1.898 0.833 0.217 -0.280 -1.014 -1.601 -1.682
0.013 -0.05655 10.00000 1.0245565176 2.4779144984    0.941  1.772  3.6670  2.260    4  0.000  0.475     0.00     0.00     0.00     0.00     0.00 -1    -1e-30      0.00 7.010e-01 2.860e-01 2.021e-03 8.991e-04 5.676e-03 -1.000 1.294e-02 0.340 2.853 1.851 0.767 0.138 -0.366 -1.113 -1.709 -1.793
0.013 -0.05655 10.00000 1.0246053934 2.4779241738    0.941  1.811  3.6634  2.206    4  0.000  0.475     0.00     0.00     0.00     0.00     0.00 -1    -1e-30      0.00 7.010e-01 2.860e-01 2.021e-03 8.991e-04 5.676e-03 -1.000 1.294e-02 0.243 2.854 1.800 0.694 0.053 -0.460 -1.221 -1.828 -1.914
0.013 -0.05655 10.00000 1.0246301889 2.4779290819    0.941  1.850  3.6597  2.152    4  0.000  0.475     0.00     0.00     0.00     0.00     0.00 -1    -1e-30      0.00 7.010e-01 2.860e-01 2.021e-03 8.991e-04 5.676e-03 -1.000 1.294e-02 0.144 2.854 1.747 0.620 -0.034 -0.555 -1.330 -1.949 -2.037
0.013 -0.05655 10.00000 1.0246434212 2.4779317009    0.941  1.889  3.6560  2.098    4  0.000  0.475     0.00     0.00     0.00     0.00     0.00 -1    -1e-30      0.00 7.010e-01 2.860e-01 2.021e-03 8.991e-04 5.676e-03 -1.000 1.294e-02 0.047 2.859 1.699 0.548 -0.119 -0.648 -1.438 -2.068 -2.158
0.013 -0.05655 10.00000 1.0246500969 2.4779330223    0.941  1.928  3.6525  2.046    4  0.000  0.475     0.00     0.00     0.00     0.00     0.00 -1    -1e-30      0.00 7.010e-01 2.860e-01 2.021e-03 8.991e-04 5.676e-03 -1.000 1.294e-02 -0.050 2.863 1.650 0.478 -0.203 -0.741 -1.545 -2.186 -2.278
0.013 -0.05655 10.00000 1.0246539116 2.4779337773    0.941  1.967  3.6489  1.992    4  0.000  0.475     0.00     0.00     0.00     0.00     0.00 -1    -1e-30      0.00 7.010e-01 2.860e-01 2.021e-03 8.991e-04 5.676e-03 -1.000 1.294e-02 -0.147 2.865 1.601 0.407 -0.287 -0.834 -1.652 -2.303 -2.399
0.013 -0.05655 10.00000 1.0246561766 2.4779342256    0.941  2.004  3.6455  1.941    4  0.000  0.475     0.00     0.00     0.00     0.00     0.00 -1    -1e-30      0.00 7.010e-01 2.860e-01 2.021e-03 8.991e-04 5.676e-03 -1.000 1.294e-02 -0.241 2.851 1.558 0.338 -0.366 -0.921 -1.754 -2.411 -2.511
0.013 -0.05655 10.00000 1.0246577263 2.4779345323    0.941  2.040  3.6424  1.893    4  0.000  0.475     0.00     0.00     0.00     0.00     0.00 -1    -1e-30      0.00 7.010e-01 2.860e-01 2.021e-03 8.991e-04 5.676e-03 -1.000 1.294e-02 -0.331 2.835 1.515 0.271 -0.442 -1.005 -1.851 -2.514 -2.618
0.013 -0.05655 10.00000 1.0246578455 2.4779345559    0.941  2.042  3.6422  1.890    7  0.000  0.475     0.00     0.00     0.00     0.00     0.00 -1 -3.72e-26      0.00 7.010e-01 2.857e-01 2.021e-03 8.991e-04 5.676e-03 -1.000 1.325e-02 -0.336 2.834 1.512 0.267 -0.447 -1.010 -1.856 -2.520 -2.624
0.013 -0.05655 10.00000 1.0246585608 2.4779346975    0.941  2.064  3.6403  1.861    7  0.000  0.475     0.00     0.00     0.00     0.00     0.00 -1 -3.81e-26      0.00 7.010e-01 2.857e-01 2.021e-03 8.991e-04 5.676e-03 -1.000 1.325e-02 -0.389 2.822 1.485 0.227 -0.492 -1.060 -1.914 -2.581 -2.688
0.013 -0.05655 10.00000 1.0246601105 2.4779350042    0.941  2.110  3.6363  1.799    7  0.000  0.475     0.00     0.00     0.00     0.00     0.00 -1 -4.01e-26      0.00 7.010e-01 2.857e-01 2.021e-03 8.991e-04 5.676e-03 -1.000 1.325e-02 -0.505 2.796 1.429 0.142 -0.588 -1.166 -2.037 -2.712 -2.825
0.013 -0.05655 10.00000 1.0246617794 2.4779353345    0.941  2.146  3.6331  1.750    7  0.000  0.475     0.00     0.00     0.00     0.00     0.00 -1 -4.16e-26      0.00 7.010e-01 2.857e-01 2.021e-03 8.991e-04 5.676e-03 -1.000 1.325e-02 -0.596 2.773 1.384 0.075 -0.663 -1.250 -2.135 -2.815 -2.933
0.013 -0.05655 10.00000 1.0246659517 2.4779361603    0.941  2.158  3.6322  1.734    7  0.000  0.475     0.00     0.00     0.00     0.00     0.00 -1 -4.16e-26      0.00 7.010e-01 2.857e-01 2.021e-03 8.991e-04 5.676e-03 -1.000 1.325e-02 -0.625 2.764 1.369 0.054 -0.687 -1.276 -2.165 -2.847 -2.967
0.013 -0.05655 10.00000 1.0246706009 2.4779370805    0.941  2.124  3.6352  1.781    7  0.000  0.475     0.00     0.00     0.00     0.00     0.00 -1 -3.98e-26      0.00 7.010e-01 2.857e-01 2.021e-03 8.991e-04 5.676e-03 -1.000 1.325e-02 -0.539 2.785 1.411 0.117 -0.616 -1.198 -2.074 -2.750 -2.865
0.013 -0.05655 10.00000 1.0247136354 2.4779455974    0.941  2.104  3.6368  1.806    7  0.000  0.475     0.00     0.00     0.00     0.00     0.00 -1 -6.55e-16      0.00 7.010e-01 2.850e-01 2.021e-03 8.992e-04 5.676e-03 -1.000 1.394e-02 -0.491 2.798 1.436 0.153 -0.576 -1.153 -2.022 -2.695 -2.808
0.013 -0.05655 10.00000 1.0247600079 2.4779547740    0.940  2.136  3.6340  1.763    7  0.000  0.475     0.00     0.00     0.00     0.00     0.00 -1 -4.29e-10      0.00 7.010e-01 2.846e-01 2.021e-03 8.992e-04 5.676e-03 -1.000 1.432e-02 -0.570 2.781 1.398 0.095 -0.641 -1.225 -2.107 -2.785 -2.902
0.013 -0.05655 10.00000 1.0247893333 2.4779605767    0.939  2.171  3.6309  1.715    7  0.000  0.475     0.00     0.00     0.00     0.00     0.00 -1 -1.02e-09      0.00 7.010e-01 2.846e-01 2.021e-03 8.992e-04 5.676e-03 -1.000 1.434e-02 -0.657 2.760 1.356 0.032 -0.712 -1.305 -2.200 -2.884 -3.006
0.013 -0.05655 10.00000 1.0248181820 2.4779662846    0.938  2.207  3.6276  1.665    7  0.000  0.475     0.00     0.00     0.00     0.00     0.00 -1 -1.23e-09      0.00 7.010e-01 2.846e-01 2.021e-03 8.992e-04 5.676e-03 -1.000 1.434e-02 -0.748 2.733 1.310 -0.034 -0.786 -1.388 -2.297 -2.987 -3.115
0.013 -0.05655 10.00000 1.0248457193 2.4779717328    0.937  2.247  3.6242  1.611    7  0.000  0.475     0.00     0.00     0.00     0.00     0.00 -1 -1.51e-09      0.00 7.010e-01 2.846e-01 2.021e-03 8.992e-04 5.676e-03 -1.000 1.434e-02 -0.847 2.702 1.260 -0.105 -0.865 -1.477 -2.402 -3.098 -3.233
0.013 -0.05655 10.00000 1.0248696804 2.4779764731    0.935  2.287  3.6207  1.557    7  0.000  0.475     0.00     0.00     0.00     0.00     0.00 -1 -1.87e-09      0.00 7.010e-01 2.846e-01 2.021e-03 8.992e-04 5.676e-03 -1.000 1.434e-02 -0.947 2.670 1.210 -0.177 -0.945 -1.567 -2.507 -3.210 -3.351
0.013 -0.05655 10.00000 1.0248912573 2.4779807416    0.934  2.327  3.6172  1.502    7  0.000  0.475     0.00     0.00     0.00     0.00     0.00 -1  -2.3e-09      0.00 7.010e-01 2.846e-01 2.021e-03 8.992e-04 5.676e-03 -1.000 1.434e-02 -1.048 2.636 1.159 -0.247 -1.024 -1.657 -2.614 -3.323 -3.472
0.013 -0.05655 10.00000 1.0249103308 2.4779845146    0.932  2.368  3.6136  1.445    7  0.000  0.475     0.00     0.00     0.00     0.00     0.00 -1 -2.83e-09      0.00 7.010e-01 2.846e-01 2.021e-03 8.992e-04 5.676e-03 -1.000 1.434e-02 -1.151 2.647 1.116 -0.312 -1.103 -1.751 -2.725 -3.444 -3.597
0.013 -0.05655 10.00000 1.0249273777 2.4779878867    0.930  2.409  3.6100  1.389    7  0.000  0.475     0.00     0.00     0.00     0.00     0.00 -1 -3.49e-09      0.00 7.010e-01 2.846e-01 2.021e-03 8.992e-04 5.676e-03 -1.000 1.434e-02 -1.254 2.662 1.074 -0.376 -1.182 -1.845 -2.836 -3.565 -3.724
0.013 -0.05655 10.00000 1.0249423981 2.4779908577    0.928  2.450  3.6064  1.333    7  0.000  0.475     0.00     0.00     0.00     0.00     0.00 -1 -4.29e-09      0.00 7.010e-01 2.846e-01 2.021e-03 8.992e-04 5.676e-03 -1.000 1.434e-02 -1.356 2.674 1.035 -0.435 -1.256 -1.938 -2.946 -3.686 -3.849
0.013 -0.05655 10.00000 1.0249562263 2.4779935929    0.926  2.491  3.6027  1.276    7  0.000  0.475     0.00     0.00     0.00     0.00     0.00 -1 -5.28e-09      0.00 7.010e-01 2.846e-01 2.021e-03 8.992e-04 5.676e-03 -1.000 1.434e-02 -1.458 2.690 0.998 -0.493 -1.330 -2.030 -3.056 -3.807 -3.975
0.013 -0.05655 10.00000 1.0249689817 2.4779961157    0.924  2.532  3.5990  1.220    7  0.000  0.475    12.69     9.20     6.40     4.96     4.02  3  -6.5e-09      0.00 7.010e-01 2.846e-01 2.020e-03 8.994e-04 5.676e-03 -1.000 1.434e-02 -1.560 2.706 0.963 -0.549 -1.402 -2.121 -3.166 -3.927 -4.101
0.013 -0.05655 10.00000 1.0249809027 2.4779984735    0.921  2.573  3.5937  1.156    7  0.000  0.474    14.49    10.31     7.14     5.54     4.49  3    -8e-09      0.00 7.010e-01 2.846e-01 2.018e-03 9.002e-04 5.676e-03 -1.000 1.432e-02 -1.662 2.756 0.958 -0.577 -1.454 -2.208 -3.279 -4.056 -4.238
0.013 -0.05655 10.00000 1.0249922276 2.4780007133    0.917  2.613  3.5869  1.087    7  0.000  0.473    16.71    11.66     8.03     6.24     5.06  3  -9.8e-09      0.00 7.010e-01 2.847e-01 2.015e-03 9.026e-04 5.676e-03 -1.000 1.430e-02 -1.762 2.836 0.983 -0.576 -1.484 -2.286 -3.394 -4.191 -4.382
0.013 -0.05655 10.00000 1.0250030756 2.4780028588    0.913  2.654  3.5824  1.026    7  0.000  0.472    18.97    13.00     8.91     6.94     5.63  3  -1.2e-08      0.00 7.010e-01 2.847e-01 2.009e-03 9.084e-04 5.676e-03 -1.000 1.424e-02 -1.864 2.860 0.970 -0.606 -1.535 -2.374 -3.506 -4.316 -4.514
0.013 -0.05655 10.00000 1.0250135660 2.4780049334    0.909  2.695  3.5782  0.966    7  0.000  0.470    21.50    14.48     9.87     7.70     6.25  3 -1.47e-08      0.00 7.010e-01 2.847e-01 2.002e-03 9.168e-04 5.676e-03 -1.000 1.424e-02 -1.968 2.877 0.957 -0.633 -1.584 -2.463 -3.620 -4.440 -4.645
0.013 -0.05655 10.00000 1.0250232220 2.4780068430    0.903  2.737  3.5738  0.904    7  0.000  0.468    24.46    16.18    10.98     8.58     6.97  2 -1.82e-08      0.00 7.010e-01 2.847e-01 1.994e-03 9.264e-04 5.676e-03 -1.000 1.424e-02 -2.073 2.895 0.954 -0.645 -1.622 -2.551 -3.737 -4.567 -4.779
0.013 -0.05655 10.00000 1.0250324011 2.4780086583    0.897  2.783  3.5689  0.836    7  0.000  0.467    28.17    18.27    12.32     9.65     7.84  2 -2.29e-08      0.00 7.010e-01 2.847e-01 1.987e-03 9.352e-04 5.676e-03 -1.000 1.424e-02 -2.187 2.914 0.957 -0.652 -1.658 -2.645 -3.864 -4.706 -4.925
0.013 -0.05655 10.00000 1.0250395536 2.4780100727    0.891  2.832  3.5635  0.762    7  0.000  0.465    32.83    20.83    13.97    10.96     8.91  2 -2.92e-08      0.00 7.010e-01 2.847e-01 1.980e-03 9.435e-04 5.676e-03 -1.000 1.425e-02 -2.309 2.930 0.976 -0.634 -1.679 -2.741 -4.002 -4.856 -5.083
0.013 -0.05655 10.00000 1.0250440836 2.4780109686    0.886  2.877  3.5584  0.694    7  0.000  0.464    37.87    23.55    15.70    12.35    10.03  2 -3.65e-08      0.00 7.010e-01 2.847e-01 1.974e-03 9.504e-04 5.676e-03 -1.000 1.424e-02 -2.423 2.945 1.004 -0.604 -1.688 -2.827 -4.131 -4.996 -5.231
0.013 -0.05655 10.00000 1.0250478983 2.4780117229    0.881  2.922  3.5531  0.626    7  0.000  0.463    43.62    26.58    17.63    13.89    11.29  2 -4.53e-08      0.00 7.010e-01 2.847e-01 1.970e-03 9.561e-04 5.676e-03 -1.000 1.424e-02 -2.534 2.960 1.052 -0.546 -1.678 -2.903 -4.257 -5.132 -5.377
0.013 -0.05655 10.00000 1.0250513554 2.4780124066    0.875  2.967  3.5477  0.556    7  0.000  0.462    50.43    30.10    19.84    15.67    12.74  2 -5.58e-08      0.00 7.010e-01 2.847e-01 1.966e-03 9.608e-04 5.676e-03 -1.000 1.424e-02 -2.647 2.975 1.116 -0.467 -1.656 -2.973 -4.386 -5.272 -5.525
0.013 -0.05655 10.00000 1.0250545740 2.4780130430    0.868  3.010  3.5421  0.488    7  0.000  0.461    58.17    34.01    22.29    17.64    14.35  1 -6.89e-08      0.00 7.010e-01 2.847e-01 1.963e-03 9.642e-04 5.676e-03 -1.000 1.424e-02 -2.755 2.993 1.202 -0.358 -1.612 -3.029 -4.512 -5.407 -5.669
0.013 -0.05655 10.00000 1.0250571966 2.4780135617    0.862  3.048  3.5372  0.427    7  0.000  0.461    66.03    37.90    24.71    19.60    15.94  1 -8.26e-08      0.00 7.010e-01 2.847e-01 1.962e-03 9.654e-04 5.676e-03 -1.000 1.425e-02 -2.849 3.010 1.301 -0.236 -1.559 -3.067 -4.623 -5.525 -5.796
0.013 -0.05655 10.00000 1.0250602961 2.4780141746    0.852  3.089  3.5314  0.357    7  0.000  0.461    76.23    42.82    27.77    22.07    17.95  1 -1.02e-07      0.00 7.010e-01 2.847e-01 1.962e-03 9.658e-04 5.676e-03 -1.000 1.425e-02 -2.952 3.035 1.438 -0.066 -1.478 -3.093 -4.746 -5.655 -5.937
0.013 -0.05655 10.00000 1.0250633955 2.4780147875    0.840  3.126  3.5259  0.292    7  0.000  0.461    87.27    48.02    30.97    24.66    20.06  1 -1.25e-07      0.00 7.010e-01 2.847e-01 1.962e-03 9.658e-04 5.676e-03 -1.000 1.425e-02 -3.045 3.059 1.597 0.130 -1.381 -3.090 -4.858 -5.773 -6.066
0.013 -0.05655 10.00000 1.0250667334 2.4780154475    0.824  3.162  3.5205  0.226    7  0.000  0.461    99.94    53.82    34.51    27.55    22.42  0 -1.52e-07      0.00 7.010e-01 2.847e-01 1.962e-03 9.659e-04 5.676e-03 -1.000 1.425e-02 -3.134 3.090 1.776 0.349 -1.270 -3.071 -4.965 -5.887 -6.191
0.013 -0.05655 10.00000 1.0250698328 2.4780160604    0.805  3.225  3.5105  0.113    7  0.000  0.461   126.48    65.64    41.70    33.41    27.20  0  -2.1e-07      0.00 7.010e-01 2.847e-01 1.962e-03 9.659e-04 5.676e-03 -1.000 1.425e-02 -3.292 3.146 2.177 0.861 -0.996 -2.951 -5.155 -6.087 -6.412
0.013 -0.05655 10.00000 1.0250706673 2.4780162254    0.800  3.271  3.5033  0.035    7  0.000  0.461   146.25    75.42    47.61    38.23    31.13  0 -2.59e-07      0.00 7.010e-01 2.847e-01 1.962e-03 9.659e-04 5.676e-03 -1.000 1.425e-02 -3.407 3.167 2.419 1.174 -0.831 -2.867 -5.293 -6.231 -6.570
0.013 -0.05655 10.00000 1.0250711441 2.4780163197    0.795  3.297  3.4992 -0.010    7  0.000  0.461   156.42    81.69    51.37    41.32    33.65  0 -2.92e-07      0.00 7.010e-01 2.847e-01 1.962e-03 9.665e-04 5.676e-03 -1.000 1.423e-02 -3.472 3.185 2.571 1.367 -0.726 -2.807 -5.371 -6.313 -6.661
0.013 -0.05655 10.00000 1.0250712633 2.4780163432    0.795  3.272  3.5025  0.028    7  0.000  0.461   147.47    76.24    48.09    38.64    31.46  0 -2.63e-07      0.00 7.010e-01 2.847e-01 1.962e-03 9.665e-04 5.676e-03 -1.000 1.423e-02 -3.409 3.180 2.461 1.226 -0.798 -2.844 -5.298 -6.237 -6.577
0.013 -0.05655 10.00000 1.0250715017 2.4780163904    0.793  3.287  3.5002  0.003    7  0.000  0.461   153.23    79.77    50.22    40.38    32.88  0 -2.82e-07      0.00 7.010e-01 2.847e-01 1.962e-03 9.665e-04 5.676e-03 -1.000 1.423e-02 -3.447 3.189 2.547 1.336 -0.739 -2.811 -5.343 -6.284 -6.630
0.013 -0.05655 10.00000 1.0250717402 2.4780164375    0.792  3.303  3.4978 -0.023    7  0.000  0.461   159.46    83.62    52.53    42.27    34.42  0 -3.03e-07      0.00 7.010e-01 2.847e-01 1.962e-03 9.665e-04 5.676e-03 -1.000 1.423e-02 -3.487 3.194 2.620 1.426 -0.691 -2.783 -5.390 -6.334 -6.684
0.013 -0.05655 10.00000 1.0250718594 2.4780164611    0.790  3.323  3.4947 -0.056    7  0.000  0.461   167.64    88.72    55.58    44.77    36.46  0  -3.3e-07      0.00 7.010e-01 2.847e-01 1.962e-03 9.665e-04 5.676e-03 -1.000 1.423e-02 -3.536 3.203 2.718 1.545 -0.627 -2.742 -5.449 -6.395 -6.751
0.013 -0.05655 10.00000 1.0250720978 2.4780165083    0.787  3.344  3.4913 -0.092    7  0.000  0.461   177.02    94.62    59.10    47.65    38.81  0 -3.62e-07      0.00 7.010e-01 2.847e-01 1.962e-03 9.665e-04 5.676e-03 -1.000 1.423e-02 -3.589 3.213 2.827 1.676 -0.555 -2.696 -5.512 -6.462 -6.824
0.013 -0.05655 10.00000 1.0250723362 2.4780165554    0.784  3.365  3.4880 -0.129    7  0.000  0.461   186.91   100.92    62.85    50.73    41.33  0 -3.99e-07      0.00 7.010e-01 2.847e-01 1.962e-03 9.665e-04 5.676e-03 -1.000 1.423e-02 -3.642 3.219 2.907 1.757 -0.511 -2.667 -5.575 -6.528 -6.895
0.013 -0.05655 10.00000 1.0250725746 2.4780166025    0.780  3.391  3.4838 -0.174    7  0.000  0.461   199.94   109.31    67.82    54.82    44.66  0 -4.49e-07      0.01 7.010e-01 2.847e-01 1.962e-03 9.665e-04 5.676e-03 -1.000 1.423e-02 -3.707 3.230 2.990 1.823 -0.474 -2.641 -5.652 -6.607 -6.982
0.013 -0.05655 10.00000 1.0250729322 2.4780166733    0.774  3.417  3.4792 -0.221    7  0.000  0.461   214.61   118.94    73.50    59.50    48.48  0 -5.13e-07      0.01 7.010e-01 2.847e-01 1.962e-03 9.665e-04 5.676e-03 -1.000 1.423e-02 -3.772 3.246 3.082 1.895 -0.432 -2.611 -5.731 -6.689 -7.072
0.013 -0.05655 10.00000 1.0250734091 2.4780167676    0.766  3.442  3.4748 -0.269    7  0.000  0.461   230.03   129.23    79.54    64.50    52.56  0 -5.85e-07      0.01 7.010e-01 2.847e-01 1.962e-03 9.665e-04 5.676e-03 -1.000 1.423e-02 -3.835 3.257 3.154 1.947 -0.403 -2.595 -5.805 -6.765 -7.155
0.013 -0.05655 10.00000 1.0250740051 2.4780168854    0.752  3.462  3.4709 -0.312    7  0.523  0.461   231.75    -1.00    -1.00    -1.00    -1.00  0 -6.61e-07      0.01 7.010e-01 2.847e-01 1.961e-03 9.665e-04 5.676e-03 -1.000 1.423e-02 -3.885 3.278 3.226 1.999 -0.371 -2.575 -5.865 -6.827 -7.224
0.013 -0.05655 10.00000 1.0250744820 2.4780169797    0.738  3.476  3.4681 -0.345    7  0.523  0.461   224.22    -1.00    -1.00    -1.00    -1.00  0 -7.35e-07      0.01 7.010e-01 2.847e-01 1.961e-03 9.666e-04 5.676e-03 -1.000 1.423e-02 -3.920 3.303 3.282 2.039 -0.347 -2.561 -5.907 -6.871 -7.272
0.013 -0.05655 10.00000 1.0250746012 2.4780170033    0.738  3.476  3.4681 -0.345    8  0.523  0.482   224.22    -1.00    -1.00    -1.00    -1.00  0 -7.39e-07      0.01 7.010e-01 2.860e-01 2.057e-03 9.682e-04 5.690e-03 -1.000 1.293e-02 -3.920 3.302 3.281 2.039 -0.347 -2.561 -5.907 -6.871 -7.272
0.013 -0.05655 10.00000 1.0250746012 2.4780170033    0.738  3.208  3.5079  0.081    8  0.523  0.482   132.25    67.98    43.04    34.61    28.16  0 -2.57e-07      0.00 7.010e-01 2.860e-01 2.057e-03 9.682e-04 5.690e-03 -1.000 1.293e-02 -3.251 3.242 2.348 1.056 -0.855 -2.840 -5.122 -6.056 -6.387
0.013 -0.05655 10.00000 1.0250746012 2.4780170033    0.738  3.076  3.5280  0.293    8  0.523  0.482    85.11    46.35    29.85    23.87    19.40  0  -1.5e-07      0.00 7.010e-01 2.860e-01 2.057e-03 9.682e-04 5.690e-03 -1.000 1.293e-02 -2.921 3.161 1.635 0.147 -1.329 -3.005 -4.726 -5.640 -5.929
0.013 -0.05655 10.00000 1.0250747204 2.4780170268    0.736  2.914  3.5526  0.553    8  0.523  0.482    48.91    28.95    19.04    15.13    12.28  1 -7.63e-08      0.00 7.010e-01 2.860e-01 2.057e-03 9.682e-04 5.690e-03 -1.000 1.293e-02 -2.516 3.044 1.105 -0.509 -1.650 -2.882 -4.241 -5.115 -5.362
0.013 -0.05655 10.00000 1.0250747204 2.4780170268    0.735  2.939  3.5489  0.513    8  0.523  0.482    53.27    31.12    20.40    16.23    13.17  1 -8.53e-08      0.00 7.010e-01 2.860e-01 2.057e-03 9.682e-04 5.690e-03 -1.000 1.293e-02 -2.577 3.065 1.160 -0.443 -1.620 -2.915 -4.314 -5.195 -5.448
0.013 -0.05655 10.00000 1.0250748396 2.4780170504    0.733  3.065  3.5297  0.309    8  0.523  0.482    82.15    44.95    28.98    23.18    18.83  0 -1.46e-07      0.00 7.010e-01 2.860e-01 2.057e-03 9.682e-04 5.690e-03 -1.000 1.293e-02 -2.892 3.157 1.581 0.078 -1.364 -3.011 -4.691 -5.603 -5.889
0.013 -0.05655 10.00000 1.0250748396 2.4780170504    0.731  3.221  3.5060  0.057    8  0.524  0.482   136.90    70.91    44.79    36.06    29.34  0 -2.79e-07      0.00 7.010e-01 2.860e-01 2.057e-03 9.682e-04 5.690e-03 -1.000 1.293e-02 -3.283 3.251 2.413 1.139 -0.812 -2.819 -5.160 -6.095 -6.430
0.013 -0.05655 10.00000 1.0250749588 2.4780170740    0.728  3.347  3.4869 -0.148    8  0.524  0.482   187.52   102.53    63.69    51.57    41.99  0 -4.67e-07      0.01 7.010e-01 2.860e-01 2.057e-03 9.682e-04 5.690e-03 -1.000 1.293e-02 -3.598 3.300 3.002 1.844 -0.436 -2.596 -5.534 -6.487 -6.858
0.013 -0.05655 10.00000 1.0250750780 2.4780170976    0.724  3.425  3.4750 -0.275    8  0.524  0.482   216.64    -1.00    -1.00    -1.00    -1.00  0 -6.43e-07      0.01 7.010e-01 2.860e-01 2.057e-03 9.682e-04 5.690e-03 -1.000 1.293e-02 -3.794 3.314 3.204 1.993 -0.360 -2.553 -5.762 -6.723 -7.114
0.013 -0.05655 10.00000 1.0250751972 2.4780171211    0.721  3.463  3.4694 -0.337    8  0.524  0.482   214.66    -1.00    -1.00    -1.00    -1.00  0 -7.55e-07      0.02 7.010e-01 2.860e-01 2.057e-03 9.682e-04 5.690e-03 -1.000 1.293e-02 -3.887 3.327 3.289 2.048 -0.334 -2.545 -5.870 -6.833 -7.234
0.013 -0.05655 10.00000 1.0250754356 2.4780171683    0.717  3.476  3.4675 -0.360    8  0.524  0.482   212.47    -1.00    -1.00    -1.00    -1.00  0 -8.08e-07      0.02 7.010e-01 2.860e-01 2.057e-03 9.682e-04 5.690e-03 -1.000 1.293e-02 -3.919 3.335 3.317 2.066 -0.327 -2.545 -5.907 -6.871 -7.275
0.013 -0.05655 10.00000 1.0250755548 2.4780171919    0.712  3.479  3.4670 -0.368    8  0.524  0.482   210.06    -1.00    -1.00    -1.00    -1.00  0 -8.35e-07      0.02 7.010e-01 2.860e-01 2.057e-03 9.682e-04 5.690e-03 -1.000 1.293e-02 -3.927 3.342 3.328 2.073 -0.324 -2.544 -5.916 -6.881 -7.286
0.013 -0.05655 10.00000 1.0250755548 2.4780171919    0.712  3.265  3.4994 -0.025    8  0.524  0.482   153.95    81.69    51.25    41.39    33.67  0 -3.61e-07      0.00 7.010e-01 2.860e-01 2.057e-03 9.682e-04 5.690e-03 -1.000 1.293e-02 -3.393 3.285 2.661 1.450 -0.646 -2.729 -5.290 -6.233 -6.581
0.013 -0.05655 10.00000 1.0250755548 2.4780171919    0.711  3.082  3.5272  0.269    8  0.524  0.482    89.14    48.00    30.84    24.71    20.08  0 -1.73e-07      0.00 7.010e-01 2.860e-01 2.057e-03 9.682e-04 5.690e-03 -1.000 1.293e-02 -2.936 3.178 1.665 0.178 -1.314 -3.004 -4.744 -5.657 -5.949
0.013 -0.05655 10.00000 1.0250756741 2.4780172154    0.710  2.920  3.5518  0.529    8  0.524  0.482    51.18    29.99    19.68    15.66    12.71  1 -8.78e-08      0.00 7.010e-01 2.860e-01 2.057e-03 9.682e-04 5.690e-03 -1.000 1.293e-02 -2.530 3.061 1.118 -0.498 -1.647 -2.891 -4.258 -5.133 -5.382
0.013 -0.05655 10.00000 1.0250756741 2.4780172154    0.708  2.945  3.5481  0.488    8  0.524  0.482    55.76    32.24    21.09    16.80    13.64  1 -9.82e-08      0.00 7.010e-01 2.860e-01 2.057e-03 9.682e-04 5.690e-03 -1.000 1.293e-02 -2.591 3.081 1.177 -0.426 -1.614 -2.923 -4.331 -5.212 -5.468
0.013 -0.05655 10.00000 1.0250757933 2.4780172390    0.706  3.070  3.5291  0.285    8  0.524  0.482    85.96    46.50    29.92    23.97    19.47  0 -1.68e-07      0.00 7.010e-01 2.860e-01 2.057e-03 9.682e-04 5.690e-03 -1.000 1.293e-02 -2.905 3.173 1.608 0.106 -1.351 -3.010 -4.707 -5.618 -5.906
0.013 -0.05655 10.00000 1.0250759125 2.4780172626    0.703  3.226  3.5055  0.033    8  0.524  0.482   139.95    73.23    46.15    37.23    30.28  0  -3.2e-07      0.00 7.010e-01 2.860e-01 2.057e-03 9.682e-04 5.690e-03 -1.000 1.293e-02 -3.294 3.271 2.445 1.171 -0.796 -2.811 -5.172 -6.108 -6.445
0.013 -0.05655 10.00000 1.0250760317 2.4780172861    0.700  3.351  3.4864 -0.171    8  0.524  0.482   191.60   105.75    65.55    53.17    43.28  0 -5.36e-07      0.01 7.010e-01 2.860e-01 2.057e-03 9.682e-04 5.690e-03 -1.000 1.293e-02 -3.608 3.324 3.031 1.865 -0.425 -2.589 -5.544 -6.498 -6.871
0.013 -0.05655 10.00000 1.0250762701 2.4780173333    0.696  3.429  3.4746 -0.298    8  0.525  0.482   201.73    -1.00    -1.00    -1.00    -1.00  0 -7.39e-07      0.02 7.010e-01 2.860e-01 2.057e-03 9.682e-04 5.690e-03 -1.000 1.293e-02 -3.803 3.348 3.237 2.015 -0.347 -2.545 -5.771 -6.732 -7.126
0.013 -0.05655 10.00000 1.0250763893 2.4780173569    0.692  3.466  3.4690 -0.360    8  0.525  0.482   199.55    -1.00    -1.00    -1.00    -1.00  0 -8.69e-07      0.02 7.010e-01 2.860e-01 2.057e-03 9.682e-04 5.690e-03 -1.000 1.293e-02 -3.895 3.365 3.323 2.071 -0.322 -2.537 -5.878 -6.842 -7.246
0.013 -0.05655 10.00000 1.0250766277 2.4780174040    0.688  3.479  3.4670 -0.384    8  0.525  0.482   197.15    -1.00    -1.00    -1.00    -1.00  0 -9.33e-07      0.02 7.010e-01 2.860e-01 2.057e-03 9.682e-04 5.690e-03 -1.000 1.293e-02 -3.928 3.381 3.357 2.093 -0.312 -2.536 -5.914 -6.880 -7.287
0.013 -0.05655 10.00000 1.0250768661 2.4780174511    0.683  3.483  3.4665 -0.392    8  0.525  0.482   194.53    -1.00    -1.00    -1.00    -1.00  0 -9.68e-07      0.02 7.010e-01 2.860e-01 2.057e-03 9.682e-04 5.690e-03 -1.000 1.293e-02 -3.936 3.396 3.374 2.104 -0.307 -2.533 -5.923 -6.889 -7.299
0.013 -0.05655 10.00000 1.0250768661 2.4780174511    0.682  3.272  3.4985 -0.054    8  0.525  0.482   158.47    85.07    53.22    43.07    35.03  0 -4.24e-07      0.01 7.010e-01 2.860e-01 2.057e-03 9.682e-04 5.690e-03 -1.000 1.293e-02 -3.410 3.311 2.707 1.496 -0.623 -2.714 -5.309 -6.252 -6.604
0.013 -0.05655 10.00000 1.0250768661 2.4780174511    0.682  3.089  3.5263  0.240    8  0.525  0.482    94.24    50.04    32.06    25.75    20.92  0 -2.03e-07      0.00 7.010e-01 2.860e-01 2.057e-03 9.682e-04 5.690e-03 -1.000 1.293e-02 -2.953 3.199 1.702 0.216 -1.296 -3.003 -4.765 -5.678 -5.972
0.013 -0.05655 10.00000 1.0250769854 2.4780174747    0.680  2.927  3.5509  0.499    8  0.525  0.482    54.02    31.27    20.46    16.32    13.24  1 -1.03e-07      0.00 7.010e-01 2.860e-01 2.057e-03 9.682e-04 5.690e-03 -1.000 1.293e-02 -2.547 3.080 1.134 -0.485 -1.643 -2.902 -4.278 -5.154 -5.406
0.013 -0.05655 10.00000 1.0250769854 2.4780174747    0.679  2.951  3.5472  0.459    8  0.525  0.482    58.86    33.61    21.92    17.50    14.20  1 -1.16e-07      0.00 7.010e-01 2.860e-01 2.057e-03 9.682e-04 5.690e-03 -1.000 1.293e-02 -2.608 3.101 1.200 -0.405 -1.605 -2.931 -4.351 -5.234 -5.491
0.013 -0.05655 10.00000 1.0250771046 2.4780174983    0.677  3.076  3.5283  0.257    8  0.525  0.482    90.63    48.38    31.04    24.92    20.24  0 -1.97e-07      0.00 7.010e-01 2.860e-01 2.057e-03 9.682e-04 5.690e-03 -1.000 1.293e-02 -2.920 3.193 1.640 0.139 -1.336 -3.010 -4.725 -5.636 -5.927
0.013 -0.05655 10.00000 1.0250772238 2.4780175219    0.674  3.231  3.5048  0.007    8  0.525  0.482   143.59    75.98    47.76    38.61    31.39  0 -3.74e-07      0.00 7.010e-01 2.860e-01 2.057e-03 9.682e-04 5.690e-03 -1.000 1.293e-02 -3.307 3.293 2.482 1.210 -0.776 -2.801 -5.187 -6.123 -6.463
0.013 -0.05655 10.00000 1.0250773430 2.4780175454    0.671  3.356  3.4858 -0.196    8  0.525  0.482   188.50    -1.00    -1.00    -1.00    -1.00  0 -6.24e-07      0.01 7.010e-01 2.860e-01 2.057e-03 9.682e-04 5.690e-03 -1.000 1.293e-02 -3.619 3.357 3.068 1.891 -0.411 -2.579 -5.555 -6.510 -6.887
0.013 -0.05655 10.00000 1.0250774622 2.4780175690    0.667  3.433  3.4741 -0.322    8  0.525  0.482   186.68    -1.00    -1.00    -1.00    -1.00  0 -8.59e-07      0.02 7.010e-01 2.860e-01 2.057e-03 9.682e-04 5.690e-03 -1.000 1.293e-02 -3.813 3.386 3.274 2.040 -0.334 -2.536 -5.780 -6.743 -7.140
0.013 -0.05655 10.00000 1.0250777006 2.4780176162    0.663  3.470  3.4685 -0.384    8  0.526  0.482   184.64    -1.00    -1.00    -1.00    -1.00  0 -1.01e-06      0.03 7.010e-01 2.860e-01 2.057e-03 9.682e-04 5.690e-03 -1.000 1.293e-02 -3.905 3.426 3.374 2.105 -0.302 -2.523 -5.884 -6.851 -7.259
0.013 -0.05655 10.00000 1.0250778198 2.4780176397    0.659  3.483  3.4666 -0.408    8  0.526  0.482   182.39    -1.00    -1.00    -1.00    -1.00  0 -1.08e-06      0.03 7.010e-01 2.860e-01 2.057e-03 9.682e-04 5.690e-03 -1.000 1.293e-02 -3.937 3.447 3.411 2.129 -0.291 -2.521 -5.919 -6.888 -7.301
0.013 -0.05655 10.00000 1.0250780582 2.4780176869    0.654  3.486  3.4661 -0.417    8  0.526  0.482   179.92    -1.00    -1.00    -1.00    -1.00  0 -1.13e-06      0.03 7.010e-01 2.860e-01 2.057e-03 9.682e-04 5.690e-03 -1.000 1.293e-02 -3.946 3.460 3.426 2.138 -0.286 -2.518 -5.928 -6.897 -7.312
0.013 -0.05655 10.00000 1.0250810385 2.4780182762    0.528 -9.999  4.0000  1.868    9  0.528  0.000     0.00     0.00     0.00     0.00     0.00 -1    -1e-30      0.00 7.010e-01 2.860e-01 2.057e-03 9.682e-04 5.690e-03 -1.000 1.293e-02 29.767 29.725 29.988 30.036 30.024 30.021 30.069 30.067 30.084
#isochrone terminated
