# File generated by CMD 3.9 (http://stev.oapd.inaf.it/cmd) on Tue May 12 07:15:15 UTC 2026
# isochrones based on PARSEC release v1.2S +  COLIBRI S_37 + S_35 + PR16
# Basic references: Bressan et al. (2012), MNRAS, 427, 127 + Chen et al. (2014, 2015), MNRAS, 444, 2525 + MNRAS, 452, 1068 + Tang et al. (2014), MNRAS, 445, 4287 + Marigo et al. (2017), ApJ, 835, 77 + Pastorelli al. (2019), MNRAS, 485, 5666 + Pastorelli al. (2020), MNRAS, in press
# Thermal pulse cycles included 
# On RGB, assumed Reimers mass loss with efficiency eta=0.2
# LPV periods and growth rates added cf. Trabucchi et al. (2019)
# but fundamental-mode LPV periods + transition are from Trabucchi et al. (2021)
# Photometric system: <i>UBVRIJHK</i> (cf. Maiz-Apellaniz 2006 + Bessell 1990)
# Using YBC version of bolometric corrections as in Chen et al. (2019)
# O-rich circumstellar dpmod60alox40 dust from Groenewegen (2006)
# C-rich circumstellar AMCSIC15 dust from Groenewegen (2006)
# IMF: Kroupa (2001, 2002) + Kroupa et al. (2013) canonical two-part-power law IMF corrected for unresolved binaries 
# Kind of output: isochrone tables
# Zini     MH   logAge Mini        int_IMF         Mass   logL    logTe  logg  label   McoreTP C_O  period0  period1  period2  period3  period4  pmode  Mloss  tau1m   X   Y   Xc  Xn  Xo  Cexcess  Z 	 mbolmag  Umag    Bmag    Vmag    Rmag    Imag    Jmag    Hmag    Kmag
0.013 -0.05655 9.69897 0.0900000036 1.0816895926    0.090 -3.413  3.3677  5.228    1  0.000  0.545     0.00     0.00     0.00     0.00     0.00 -1 -3.94e-17      0.00 7.146e-01 2.723e-01 2.359e-03 6.364e-04 5.772e-03 -1.000 1.312e-02 13.302 22.690 19.987 18.129 15.944 13.680 11.211 10.597 10.318
0.013 -0.05655 9.69897 0.1000000015 1.1711064122    0.100 -3.225  3.3946  5.194    1  0.000  0.545     0.00     0.00     0.00     0.00     0.00 -1 -5.99e-17      0.00 7.144e-01 2.725e-01 2.359e-03 6.364e-04 5.772e-03 -1.000 1.312e-02 12.833 22.157 19.491 17.641 15.469 13.212 10.743 10.130 9.847
0.013 -0.05655 9.69897 0.1143068820 1.2805935872    0.114 -3.028  3.4207  5.159    1  0.000  0.545     0.00     0.00     0.00     0.00     0.00 -1 -9.18e-17      0.00 7.141e-01 2.728e-01 2.359e-03 6.364e-04 5.772e-03 -1.000 1.312e-02 12.341 21.412 18.842 17.014 14.896 12.674 10.260 9.647 9.359
0.013 -0.05655 9.69897 0.1200000048 1.3193154741    0.120 -2.957  3.4302  5.146    1  0.000  0.545     0.00     0.00     0.00     0.00     0.00 -1 -1.07e-16      0.00 7.139e-01 2.729e-01 2.359e-03 6.364e-04 5.772e-03 -1.000 1.312e-02 12.162 20.662 18.278 16.486 14.496 12.361 10.105 9.490 9.198
0.013 -0.05655 9.69897 0.1400000006 1.4384526719    0.140 -2.776  3.4494  5.109    1  0.000  0.545     0.00     0.00     0.00     0.00     0.00 -1 -1.57e-16      0.00 7.136e-01 2.733e-01 2.359e-03 6.364e-04 5.772e-03 -1.000 1.312e-02 11.709 19.245 17.142 15.434 13.660 11.685 9.698 9.080 8.787
0.013 -0.05655 9.69897 0.1478079110 1.4791025587    0.148 -2.718  3.4549  5.097    1  0.000  0.545     0.00     0.00     0.00     0.00     0.00 -1 -1.77e-16      0.00 7.134e-01 2.735e-01 2.359e-03 6.364e-04 5.772e-03 -1.000 1.312e-02 11.565 18.833 16.809 15.118 13.405 11.483 9.569 8.949 8.657
0.013 -0.05655 9.69897 0.1599999964 1.5372931554    0.160 -2.634  3.4629  5.080    1  0.000  0.545     0.00     0.00     0.00     0.00     0.00 -1 -2.11e-16      0.00 7.132e-01 2.737e-01 2.359e-03 6.364e-04 5.772e-03 -1.000 1.312e-02 11.356 18.249 16.332 14.665 13.040 11.194 9.379 8.759 8.468
0.013 -0.05655 9.69897 0.2000000030 1.6938790862    0.200 -2.417  3.4817  5.035    1  0.000  0.545     0.00     0.00     0.00     0.00     0.00 -1 -3.27e-16      0.00 7.126e-01 2.743e-01 2.359e-03 6.364e-04 5.772e-03 -1.000 1.312e-02 10.813 16.935 15.226 13.614 12.169 10.496 8.883 8.260 7.978
0.013 -0.05655 9.69897 0.2500000000 1.8403257998    0.250 -2.212  3.4976  4.990    1  0.000  0.545     0.00     0.00     0.00     0.00     0.00 -1 -4.94e-16      0.00 7.119e-01 2.749e-01 2.359e-03 6.364e-04 5.772e-03 -1.000 1.312e-02 10.299 15.866 14.298 12.723 11.404 9.880 8.409 7.785 7.513
0.013 -0.05655 9.69897 0.3000000119 1.9529139769    0.300 -2.051  3.5080  4.950    1  0.000  0.545     0.00     0.00     0.00     0.00     0.00 -1 -4.47e-16      0.00 7.117e-01 2.752e-01 2.359e-03 6.364e-04 5.772e-03 -1.000 1.312e-02 9.897 15.152 13.658 12.117 10.866 9.425 8.031 7.405 7.141
0.013 -0.05655 9.69897 0.3175410628 1.9867643460    0.317 -1.994  3.5112  4.931    1  0.000  0.545     0.00     0.00     0.00     0.00     0.00 -1 -6.84e-16      0.00 7.132e-01 2.737e-01 2.359e-03 6.364e-04 5.772e-03 -1.000 1.312e-02 9.755 14.920 13.449 11.917 10.687 9.269 7.897 7.269 7.008
0.013 -0.05655 9.69897 0.3500000238 2.0434175133    0.350 -1.896  3.5166  4.896    0  0.000  0.545     0.00     0.00     0.00     0.00     0.00 -1 -9.63e-16      0.00 7.150e-01 2.718e-01 2.359e-03 6.364e-04 5.772e-03 -1.000 1.312e-02 9.509 14.532 13.093 11.579 10.379 9.000 7.664 7.033 6.776
0.013 -0.05655 9.69897 0.4000000358 2.1185024810    0.400 -1.751  3.5276  4.854    1  0.000  0.545     0.00     0.00     0.00     0.00     0.00 -1 -1.32e-15      0.00 7.151e-01 2.718e-01 2.359e-03 6.364e-04 5.772e-03 -1.000 1.312e-02 9.148 13.925 12.530 11.044 9.898 8.599 7.330 6.694 6.445
0.013 -0.05655 9.69897 0.4500000179 2.1822809362    0.450 -1.600  3.5400  4.802    1  0.000  0.545     0.00     0.00     0.00     0.00     0.00 -1 -1.87e-15      0.00 7.152e-01 2.717e-01 2.359e-03 6.364e-04 5.772e-03 -1.000 1.312e-02 8.769 13.314 11.950 10.493 9.400 8.183 6.982 6.337 6.098
0.013 -0.05655 9.69897 0.5000000000 2.2374541529    0.500 -1.440  3.5556  4.752    1  0.000  0.545     0.00     0.00     0.00     0.00     0.00 -1 -2.71e-15      0.00 7.152e-01 2.717e-01 2.359e-03 6.364e-04 5.772e-03 -1.000 1.312e-02 8.371 12.686 11.333 9.902 8.862 7.748 6.624 5.969 5.742
0.013 -0.05655 9.69897 0.5500000119 2.2836582633    0.550 -1.269  3.5756  4.702    1  0.000  0.545     0.00     0.00     0.00     0.00     0.00 -1 -4.06e-15      0.00 7.271e-01 2.603e-01 2.267e-03 6.116e-04 5.548e-03 -1.000 1.262e-02 7.943 12.010 10.650 9.244 8.261 7.285 6.252 5.583 5.375
0.013 -0.05655 9.69897 0.5609589219 2.2925280691    0.561 -1.231  3.5812  4.694    1  0.000  0.545     0.00     0.00     0.00     0.00     0.00 -1 -4.43e-15      0.00 7.275e-01 2.599e-01 2.264e-03 6.108e-04 5.541e-03 -1.000 1.261e-02 7.847 11.850 10.488 9.088 8.119 7.181 6.171 5.498 5.296
0.013 -0.05655 9.69897 0.6000000238 2.3211213258    0.600 -1.100  3.6002  4.669    1  0.000  0.545     0.00     0.00     0.00     0.00     0.00 -1 -5.97e-15      0.00 7.289e-01 2.586e-01 2.254e-03 6.082e-04 5.517e-03 -1.000 1.257e-02 7.520 11.324 9.946 8.586 7.660 6.834 5.891 5.202 5.030
0.013 -0.05655 9.69897 0.6499999762 2.3520353107    0.650 -0.929  3.6294  4.650    1  0.000  0.545     0.00     0.00     0.00     0.00     0.00 -1 -8.67e-15      0.00 7.305e-01 2.570e-01 2.242e-03 6.050e-04 5.488e-03 -1.000 1.250e-02 7.094 10.575 9.173 7.913 7.062 6.386 5.531 4.847 4.721
0.013 -0.05655 9.69897 0.7000000477 2.3779267258    0.700 -0.766  3.6589  4.637    1  0.000  0.544     0.00     0.00     0.00     0.00     0.00 -1 -1.23e-14      0.00 7.322e-01 2.554e-01 2.230e-03 6.018e-04 5.460e-03 -1.000 1.239e-02 6.685 9.598 8.367 7.251 6.503 5.962 5.203 4.574 4.482
0.013 -0.05655 9.69897 0.7124710679 2.3837369180    0.713 -0.727  3.6661  4.634    1  0.000  0.543     0.00     0.00     0.00     0.00     0.00 -1 -1.35e-14      0.00 7.327e-01 2.550e-01 2.219e-03 6.007e-04 5.452e-03 -1.000 1.237e-02 6.586 9.336 8.175 7.096 6.377 5.858 5.125 4.517 4.430
0.013 -0.05655 9.69897 0.7429449558 2.3969954986    0.743 -0.632  3.6830  4.625    1  0.000  0.538     0.00     0.00     0.00     0.00     0.00 -1 -1.66e-14      0.00 7.337e-01 2.539e-01 2.193e-03 5.981e-04 5.434e-03 -1.000 1.235e-02 6.349 8.710 7.734 6.737 6.086 5.613 4.941 4.389 4.311
0.013 -0.05655 9.69897 0.7500000000 2.3998889087    0.750 -0.610  3.6868  4.622    1  0.000  0.537     0.00     0.00     0.00     0.00     0.00 -1 -1.74e-14      0.00 7.340e-01 2.537e-01 2.187e-03 5.975e-04 5.430e-03 -1.000 1.232e-02 6.295 8.580 7.640 6.660 6.023 5.558 4.899 4.359 4.282
0.013 -0.05655 9.69897 0.7629040480 2.4050222302    0.763 -0.572  3.6926  4.615    1  0.000  0.537     0.00     0.00     0.00     0.00     0.00 -1 -1.89e-14      0.00 7.347e-01 2.530e-01 2.182e-03 5.962e-04 5.418e-03 -1.000 1.231e-02 6.200 8.365 7.484 6.530 5.915 5.463 4.823 4.300 4.226
0.013 -0.05655 9.69897 0.7995212078 2.4185568769    0.799 -0.466  3.7086  4.593    1  0.000  0.537     0.00     0.00     0.00     0.00     0.00 -1 -2.42e-14      0.00 7.365e-01 2.512e-01 2.169e-03 5.927e-04 5.386e-03 -1.000 1.226e-02 5.935 7.779 7.066 6.179 5.621 5.200 4.614 4.139 4.072
0.013 -0.05655 9.69897 0.8016984463 2.4193169732    0.801 -0.460  3.7095  4.592    1  0.000  0.537     0.00     0.00     0.00     0.00     0.00 -1 -2.46e-14      0.00 7.367e-01 2.511e-01 2.168e-03 5.924e-04 5.384e-03 -1.000 1.225e-02 5.920 7.746 7.042 6.159 5.603 5.185 4.601 4.129 4.062
0.013 -0.05655 9.69897 0.8338879347 2.4300241902    0.833 -0.368  3.7227  4.570    1  0.000  0.537     0.00     0.00     0.00     0.00     0.00 -1 -3.05e-14      0.00 7.386e-01 2.492e-01 2.154e-03 5.888e-04 5.351e-03 -1.000 1.218e-02 5.691 7.275 6.704 5.873 5.359 4.963 4.421 3.985 3.924
0.013 -0.05655 9.69897 0.8490424156 2.4347429970    0.848 -0.326  3.7287  4.559    1  0.000  0.537     0.00     0.00     0.00     0.00     0.00 -1 -3.38e-14      0.00 7.395e-01 2.483e-01 2.148e-03 5.870e-04 5.335e-03 -1.000 1.214e-02 5.584 7.067 6.553 5.744 5.247 4.860 4.337 3.917 3.858
0.013 -0.05655 9.69897 0.8624815941 2.4387685396    0.862 -0.288  3.7336  4.548    1  0.000  0.537     0.00     0.00     0.00     0.00     0.00 -1  -3.7e-14      0.00 7.406e-01 2.474e-01 2.141e-03 5.850e-04 5.318e-03 -1.000 1.208e-02 5.491 6.890 6.422 5.633 5.149 4.771 4.263 3.856 3.799
0.013 -0.05655 9.69897 0.8906213045 2.4467467018    0.890 -0.210  3.7437  4.524    1  0.000  0.537     0.00     0.00     0.00     0.00     0.00 -1 -4.48e-14      0.00 7.428e-01 2.453e-01 2.125e-03 5.808e-04 5.280e-03 -1.000 1.198e-02 5.295 6.523 6.153 5.405 4.950 4.589 4.111 3.728 3.676
0.013 -0.05655 9.69897 0.8985635638 2.4488947628    0.898 -0.188  3.7464  4.517    1  0.000  0.537     0.00     0.00     0.00     0.00     0.00 -1 -4.72e-14      0.00 7.434e-01 2.447e-01 2.120e-03 5.796e-04 5.269e-03 -1.000 1.195e-02 5.241 6.420 6.079 5.342 4.896 4.539 4.069 3.692 3.641
0.013 -0.05655 9.69897 0.9041865468 2.4503893426    0.903 -0.173  3.7482  4.512    1  0.000  0.536     0.00     0.00     0.00     0.00     0.00 -1 -4.91e-14      0.00 7.439e-01 2.441e-01 2.116e-03 5.785e-04 5.259e-03 -1.000 1.193e-02 5.202 6.348 6.027 5.298 4.857 4.503 4.038 3.666 3.616
0.013 -0.05655 9.69897 0.9214516282 2.4548475745    0.921 -0.125  3.7537  4.494    1  0.000  0.536     0.00     0.00     0.00     0.00     0.00 -1 -5.55e-14      0.00 7.457e-01 2.424e-01 2.104e-03 5.752e-04 5.229e-03 -1.000 1.188e-02 5.082 6.141 5.872 5.165 4.739 4.393 3.943 3.583 3.536
0.013 -0.05655 9.69897 0.9383668900 2.4590330092    0.938 -0.078  3.7589  4.476    1  0.000  0.536     0.00     0.00     0.00     0.00     0.00 -1 -6.25e-14      0.00 7.474e-01 2.407e-01 2.091e-03 5.718e-04 5.199e-03 -1.000 1.184e-02 4.966 5.946 5.722 5.036 4.624 4.286 3.850 3.501 3.457
0.013 -0.05655 9.69897 0.9480847716 2.4613600277    0.947 -0.051  3.7618  4.465    1  0.000  0.536     0.00     0.00     0.00     0.00     0.00 -1  -6.7e-14      0.00 7.485e-01 2.397e-01 2.083e-03 5.697e-04 5.181e-03 -1.000 1.181e-02 4.899 5.837 5.637 4.964 4.558 4.225 3.797 3.455 3.411
0.013 -0.05655 9.69897 0.9494903088 2.4616920626    0.949 -0.048  3.7622  4.464    1  0.000  0.536     0.00     0.00     0.00     0.00     0.00 -1 -6.77e-14      0.00 7.487e-01 2.395e-01 2.082e-03 5.694e-04 5.178e-03 -1.000 1.181e-02 4.889 5.822 5.625 4.953 4.549 4.216 3.789 3.448 3.404
0.013 -0.05655 9.69897 0.9650509953 2.4652938234    0.964 -0.004  3.7664  4.444    1  0.000  0.536     0.00     0.00     0.00     0.00     0.00 -1 -7.58e-14      0.00 7.509e-01 2.374e-01 2.066e-03 5.651e-04 5.139e-03 -1.000 1.172e-02 4.781 5.655 5.491 4.837 4.443 4.117 3.701 3.370 3.328
0.013 -0.05655 9.69897 0.9797942638 2.4685852823    0.979  0.037  3.7703  4.425    1  0.000  0.536     0.00     0.00     0.00     0.00     0.00 -1 -8.45e-14      0.00 7.531e-01 2.352e-01 2.050e-03 5.608e-04 5.101e-03 -1.000 1.164e-02 4.678 5.500 5.364 4.727 4.343 4.023 3.618 3.295 3.255
0.013 -0.05655 9.69897 0.9938613772 2.4716213220    0.994  0.076  3.7738  4.407    1  0.000  0.536     0.00     0.00     0.00     0.00     0.00 -1 -9.38e-14      0.00 7.553e-01 2.331e-01 2.035e-03 5.566e-04 5.063e-03 -1.000 1.157e-02 4.581 5.358 5.245 4.624 4.249 3.934 3.538 3.223 3.185
0.013 -0.05655 9.69897 0.9976059794 2.4724129260    0.997  0.086  3.7747  4.401    1  0.000  0.536     0.00     0.00     0.00     0.00     0.00 -1 -9.65e-14      0.00 7.559e-01 2.325e-01 2.030e-03 5.555e-04 5.053e-03 -1.000 1.155e-02 4.554 5.320 5.213 4.596 4.223 3.911 3.517 3.203 3.166
0.013 -0.05655 9.69897 1.0067930222 2.4743263992    1.006  0.112  3.7768  4.388    1  0.000  0.536     0.00     0.00     0.00     0.00     0.00 -1 -1.02e-13      0.00 7.579e-01 2.307e-01 2.016e-03 5.517e-04 5.020e-03 -1.000 1.146e-02 4.490 5.230 5.136 4.528 4.161 3.851 3.463 3.154 3.117
0.013 -0.05655 9.69897 1.0190342665 2.4768144474    1.018  0.146  3.7794  4.369    1  0.000  0.535     0.00     0.00     0.00     0.00     0.00 -1  -1.1e-13      0.00 7.606e-01 2.281e-01 1.997e-03 5.466e-04 4.973e-03 -1.000 1.136e-02 4.404 5.111 5.034 4.438 4.077 3.772 3.391 3.087 3.052
0.013 -0.05655 9.69897 1.0307656527 2.4791352043    1.030  0.179  3.7818  4.351    1  0.000  0.535     0.00     0.00     0.00     0.00     0.00 -1 -1.19e-13      0.00 7.633e-01 2.255e-01 1.978e-03 5.415e-04 4.928e-03 -1.000 1.122e-02 4.321 5.003 4.938 4.352 3.997 3.696 3.320 3.022 2.988
0.013 -0.05655 9.69897 1.0471271276 2.4822722586    1.046  0.225  3.7849  4.324    1  0.000  0.535     0.00     0.00     0.00     0.00     0.00 -1 -1.32e-13      0.00 7.671e-01 2.218e-01 1.951e-03 5.341e-04 4.862e-03 -1.000 1.108e-02 4.206 4.856 4.806 4.233 3.885 3.589 3.221 2.929 2.896
0.013 -0.05655 9.69897 1.0548011065 2.4837051243    1.054  0.247  3.7862  4.311    1  0.000  0.535     0.00     0.00     0.00     0.00     0.00 -1 -1.39e-13      0.00 7.691e-01 2.199e-01 1.937e-03 5.303e-04 4.828e-03 -1.000 1.103e-02 4.153 4.791 4.745 4.179 3.833 3.539 3.174 2.884 2.852
0.013 -0.05655 9.69897 1.0651907921 2.4856072782    1.064  0.275  3.7876  4.292    1  0.000  0.535     0.00     0.00     0.00     0.00     0.00 -1 -1.48e-13      0.00 7.719e-01 2.172e-01 1.918e-03 5.251e-04 4.781e-03 -1.000 1.092e-02 4.083 4.706 4.666 4.106 3.764 3.473 3.111 2.824 2.792
0.013 -0.05655 9.69897 1.0843257904 2.4890010829    1.083  0.326  3.7896  4.257    1  0.000  0.534     0.00     0.00     0.00     0.00     0.00 -1 -1.67e-13      0.00 7.767e-01 2.126e-01 1.884e-03 5.160e-04 4.700e-03 -1.000 1.074e-02 3.954 4.558 4.526 3.975 3.638 3.350 2.993 2.710 2.679
0.013 -0.05655 9.69897 1.0966484547 2.4911146919    1.095  0.362  3.7909  4.231    1  0.000  0.534     0.00     0.00     0.00     0.00     0.00 -1 -1.82e-13      0.00 7.791e-01 2.102e-01 1.866e-03 5.114e-04 4.659e-03 -1.000 1.063e-02 3.866 4.459 4.431 3.886 3.552 3.265 2.911 2.632 2.601
0.013 -0.05655 9.69897 1.1041381359 2.4923728614    1.103  0.384  3.7917  4.215    1  0.000  0.534     0.00     0.00     0.00     0.00     0.00 -1 -1.91e-13      0.00 7.786e-01 2.108e-01 1.874e-03 5.136e-04 4.678e-03 -1.000 1.066e-02 3.810 4.396 4.370 3.829 3.497 3.212 2.860 2.582 2.551
0.013 -0.05655 9.69897 1.1152576208 2.4942049955    1.114  0.418  3.7928  4.190    1  0.000  0.534     0.00     0.00     0.00     0.00     0.00 -1 -2.09e-13      0.00 7.766e-01 2.126e-01 1.893e-03 5.191e-04 4.727e-03 -1.000 1.074e-02 3.725 4.302 4.279 3.743 3.413 3.130 2.780 2.505 2.474
0.013 -0.05655 9.69897 1.1279176474 2.4962404690    1.126  0.458  3.7936  4.158    1  0.000  0.534     0.00     0.00     0.00     0.00     0.00 -1  -2.3e-13      0.00 7.743e-01 2.148e-01 1.916e-03 5.256e-04 4.785e-03 -1.000 1.090e-02 3.625 4.196 4.173 3.641 3.314 3.032 2.684 2.411 2.381
0.013 -0.05655 9.69897 1.1393774748 2.4980381901    1.138  0.495  3.7938  4.126    1  0.000  0.534     0.00     0.00     0.00     0.00     0.00 -1 -2.54e-13      0.00 7.724e-01 2.166e-01 1.935e-03 5.309e-04 4.833e-03 -1.000 1.101e-02 3.531 4.101 4.078 3.547 3.220 2.939 2.591 2.319 2.289
0.013 -0.05655 9.69897 1.1461695433 2.4990841818    1.145  0.518  3.7935  4.105    1  0.000  0.534     0.00     0.00     0.00     0.00     0.00 -1 -2.71e-13      0.00 7.714e-01 2.176e-01 1.945e-03 5.338e-04 4.858e-03 -1.000 1.107e-02 3.474 4.046 4.021 3.490 3.163 2.881 2.533 2.260 2.230
0.013 -0.05655 9.69897 1.1492400169 2.4995523767    1.148  0.528  3.7933  4.095    1  0.000  0.534     0.00     0.00     0.00     0.00     0.00 -1 -2.78e-13      0.00 7.712e-01 2.177e-01 1.946e-03 5.341e-04 4.863e-03 -1.000 1.108e-02 3.450 4.024 3.997 3.465 3.138 2.856 2.507 2.234 2.203
0.013 -0.05655 9.69897 1.1558471918 2.5005501643    1.154  0.555  3.7926  4.068    1  0.000  0.534     0.00     0.00     0.00     0.00     0.00 -1    -3e-13      0.00 7.708e-01 2.181e-01 1.950e-03 5.347e-04 4.873e-03 -1.000 1.110e-02 3.383 3.964 3.934 3.399 3.071 2.788 2.437 2.162 2.132
0.013 -0.05655 9.69897 1.1574969292 2.5007972578    1.156  0.563  3.7924  4.060    1  0.000  0.534     0.00     0.00     0.00     0.00     0.00 -1 -3.08e-13      0.00 7.708e-01 2.182e-01 1.951e-03 5.348e-04 4.875e-03 -1.000 1.110e-02 3.363 3.945 3.913 3.379 3.050 2.767 2.416 2.141 2.110
0.013 -0.05655 9.69897 1.1608918905 2.5013032063    1.159  0.576  3.7915  4.044    2  0.000  0.533     0.00     0.00     0.00     0.00     0.00 -1  -3.2e-13      0.00 7.704e-01 2.185e-01 1.954e-03 5.356e-04 4.884e-03 -1.000 1.111e-02 3.331 3.921 3.886 3.347 3.017 2.732 2.379 2.102 2.071
0.013 -0.05655 9.69897 1.1657923460 2.5020275446    1.164  0.593  3.7901  4.024    2  0.000  0.533     0.00     0.00     0.00     0.00     0.00 -1 -3.37e-13      0.00 7.692e-01 2.196e-01 1.963e-03 5.379e-04 4.908e-03 -1.000 1.116e-02 3.288 3.891 3.850 3.306 2.973 2.686 2.329 2.050 2.018
0.013 -0.05655 9.69897 1.1724674702 2.5030030040    1.171  0.615  3.7878  3.995    2  0.000  0.533     0.00     0.00     0.00     0.00     0.00 -1 -3.61e-13      0.00 7.667e-01 2.220e-01 1.981e-03 5.423e-04 4.953e-03 -1.000 1.128e-02 3.233 3.857 3.806 3.253 2.915 2.625 2.262 1.978 1.946
0.013 -0.05655 9.69897 1.1789947748 2.5039445887    1.177  0.637  3.7845  3.963    2  0.000  0.533     0.00     0.00     0.00     0.00     0.00 -1 -3.87e-13      0.00 7.645e-01 2.242e-01 1.998e-03 5.463e-04 4.993e-03 -1.000 1.136e-02 3.179 3.834 3.768 3.202 2.857 2.562 2.192 1.902 1.868
0.013 -0.05655 9.69897 1.1861866713 2.5049682563    1.185  0.660  3.7793  3.921    2  0.000  0.533     0.00     0.00     0.00     0.00     0.00 -1 -4.21e-13      0.00 7.620e-01 2.265e-01 2.014e-03 5.503e-04 5.034e-03 -1.000 1.146e-02 3.121 3.828 3.738 3.151 2.795 2.492 2.108 1.807 1.771
0.013 -0.05655 9.69897 1.1928361654 2.5059021014    1.191  0.675  3.7709  3.875    2  0.000  0.534     0.00     0.00     0.00     0.00     0.00 -1 -4.54e-13      0.00 7.528e-01 2.354e-01 2.074e-03 5.660e-04 5.179e-03 -1.000 1.183e-02 3.083 3.884 3.750 3.126 2.752 2.435 2.029 1.709 1.669
0.013 -0.05655 9.69897 1.1956908703 2.5062993490    1.194  0.674  3.7644  3.851    2  0.000  0.535     0.00     0.00     0.00     0.00     0.00 -1 -4.64e-13      0.00 7.458e-01 2.422e-01 2.121e-03 5.783e-04 5.292e-03 -1.000 1.205e-02 3.086 3.963 3.792 3.141 2.752 2.425 2.001 1.667 1.624
0.013 -0.05655 9.69897 1.1977689266 2.5065871527    1.196  0.670  3.7592  3.835    2  0.000  0.535     0.00     0.00     0.00     0.00     0.00 -1 -4.67e-13      0.00 7.407e-01 2.471e-01 2.156e-03 5.873e-04 5.374e-03 -1.000 1.222e-02 3.095 4.034 3.832 3.160 2.760 2.424 1.986 1.640 1.595
0.013 -0.05655 9.69897 1.2003909349 2.5069486572    1.199  0.654  3.7494  3.813    2  0.000  0.535     0.00     0.00     0.00     0.00     0.00 -1 -4.59e-13      0.00 7.343e-01 2.533e-01 2.199e-03 5.988e-04 5.478e-03 -1.000 1.242e-02 3.136 4.206 3.937 3.224 2.800 2.448 1.983 1.613 1.564
0.013 -0.05655 9.69897 1.2025220394 2.5072411441    1.201  0.634  3.7396  3.794    2  0.000  0.536     0.00     0.00     0.00     0.00     0.00 -1 -4.46e-13      0.00 7.297e-01 2.577e-01 2.230e-03 6.068e-04 5.551e-03 -1.000 1.260e-02 3.185 4.395 4.049 3.300 2.852 2.485 1.991 1.596 1.544
0.013 -0.05655 9.69897 1.2040727139 2.5074532207    1.203  0.619  3.7317  3.778    2  0.000  0.536     0.00     0.00     0.00     0.00     0.00 -1 -4.37e-13      0.00 7.271e-01 2.602e-01 2.246e-03 6.112e-04 5.591e-03 -1.000 1.268e-02 3.223 4.545 4.140 3.361 2.895 2.515 1.997 1.582 1.527
0.013 -0.05655 9.69897 1.2059561014 2.5077099572    1.204  0.609  3.7228  3.753    2  0.000  0.536     0.00     0.00     0.00     0.00     0.00 -1 -4.37e-13      0.00 7.246e-01 2.627e-01 2.262e-03 6.153e-04 5.628e-03 -1.000 1.276e-02 3.246 4.705 4.229 3.416 2.928 2.533 1.987 1.547 1.489
0.013 -0.05655 9.69897 1.2081532478 2.5080083012    1.207  0.617  3.7144  3.712    2  0.000  0.536     0.00     0.00     0.00     0.00     0.00 -1 -4.62e-13      0.00 7.222e-01 2.650e-01 2.275e-03 6.186e-04 5.659e-03 -1.000 1.282e-02 3.227 4.820 4.274 3.429 2.919 2.510 1.936 1.473 1.412
0.013 -0.05655 9.69897 1.2107485533 2.5083591062    1.209  0.649  3.7075  3.654    2  0.000  0.536     0.00     0.00     0.00     0.00     0.00 -1 -5.26e-13      0.00 7.194e-01 2.677e-01 2.285e-03 6.216e-04 5.686e-03 -1.000 1.286e-02 3.148 4.852 4.249 3.378 2.851 2.429 1.832 1.348 1.284
0.013 -0.05655 9.69897 1.2110203505 2.5083957448    1.209  0.653  3.7069  3.647    2  0.000  0.536     0.00     0.00     0.00     0.00     0.00 -1 -5.35e-13      0.00 7.191e-01 2.680e-01 2.286e-03 6.219e-04 5.689e-03 -1.000 1.288e-02 3.137 4.852 4.244 3.370 2.841 2.419 1.819 1.334 1.270
0.013 -0.05655 9.69897 1.2113506794 2.5084402481    1.210  0.659  3.7063  3.639    3  0.000  0.536     0.00     0.00     0.00     0.00     0.00 -1 -5.51e-13      0.00 7.187e-01 2.683e-01 2.286e-03 6.223e-04 5.691e-03 -1.000 1.293e-02 3.122 4.846 4.234 3.358 2.827 2.404 1.802 1.315 1.251
0.013 -0.05655 9.69897 1.2133443356 2.5087082500    1.212  0.699  3.7033  3.588    3  0.000  0.532     0.00     0.00     0.00     0.00     0.00 -1 -6.32e-13      0.00 7.163e-01 2.707e-01 2.278e-03 6.280e-04 5.705e-03 -1.000 1.295e-02 3.023 4.792 4.158 3.271 2.733 2.304 1.693 1.197 1.131
0.013 -0.05655 9.69897 1.2152220011 2.5089597352    1.214  0.742  3.7011  3.537    3  0.000  0.518     0.00     0.00     0.00     0.00     0.00 -1 -7.35e-13      0.00 7.135e-01 2.736e-01 2.219e-03 6.768e-04 5.716e-03 -1.000 1.297e-02 2.916 4.716 4.069 3.173 2.631 2.197 1.578 1.076 1.010
0.013 -0.05655 9.69897 1.2173037529 2.5092375120    1.216  0.794  3.6990  3.477    3  0.000  0.489     0.00     0.00     0.00     0.00     0.00 -1 -8.82e-13      0.00 7.099e-01 2.770e-01 2.098e-03 8.140e-04 5.726e-03 -1.000 1.304e-02 2.786 4.619 3.956 3.052 2.505 2.067 1.441 0.933 0.866
0.013 -0.05655 9.69897 1.2190144062 2.5094649551    1.217  0.841  3.6974  3.425    3  0.000  0.464     0.00     0.00     0.00     0.00     0.00 -1 -1.04e-12      0.00 7.069e-01 2.800e-01 1.996e-03 9.397e-04 5.734e-03 -1.000 1.307e-02 2.669 4.532 3.855 2.943 2.392 1.951 1.318 0.806 0.738
0.013 -0.05655 9.69897 1.2203319073 2.5096396261    1.219  0.879  3.6961  3.381    3  0.000  0.450     0.00     0.00     0.00     0.00     0.00 -1 -1.19e-12      0.00 7.046e-01 2.823e-01 1.934e-03 1.018e-03 5.738e-03 -1.000 1.310e-02 2.572 4.459 3.770 2.852 2.298 1.854 1.217 0.701 0.632
0.013 -0.05655 9.69897 1.2218737602 2.5098434912    1.220  0.928  3.6946  3.327    3  0.000  0.436     0.00     0.00     0.00     0.00     0.00 -1 -1.41e-12      0.00 7.022e-01 2.847e-01 1.879e-03 1.087e-03 5.742e-03 -1.000 1.309e-02 2.450 4.366 3.663 2.737 2.179 1.732 1.090 0.569 0.500
0.013 -0.05655 9.69897 1.2232826948 2.5100292649    1.222  0.977  3.6930  3.272    3  0.000  0.428     0.00     0.00     0.00     0.00     0.00 -1 -1.68e-12      0.00 7.003e-01 2.866e-01 1.843e-03 1.133e-03 5.745e-03 -1.000 1.311e-02 2.328 4.274 3.557 2.622 2.061 1.611 0.962 0.437 0.367
0.013 -0.05655 9.69897 1.2246124744 2.5102041510    1.223  1.027  3.6912  3.215    3  0.000  0.422     0.00     0.00     0.00     0.00     0.00 -1 -2.01e-12      0.00 6.989e-01 2.880e-01 1.820e-03 1.162e-03 5.747e-03 -1.000 1.312e-02 2.202 4.180 3.447 2.504 1.937 1.484 0.829 0.299 0.229
0.013 -0.05655 9.69897 1.2257525921 2.5103537462    1.224  1.075  3.6895  3.161    3  0.000  0.419     0.00     0.00     0.00     0.00     0.00 -1 -2.38e-12      0.00 6.980e-01 2.889e-01 1.805e-03 1.181e-03 5.748e-03 -1.000 1.312e-02 2.082 4.093 3.344 2.393 1.822 1.365 0.704 0.169 0.098
0.013 -0.05655 9.69897 1.2267719507 2.5104872258    1.225  1.122  3.6877  3.107    3  0.000  0.416     0.00     0.00     0.00     0.00     0.00 -1 -2.81e-12      0.00 6.973e-01 2.896e-01 1.794e-03 1.195e-03 5.750e-03 -1.000 1.312e-02 1.966 4.012 3.246 2.286 1.710 1.249 0.582 0.041 -0.030
0.013 -0.05655 9.69897 1.2276990414 2.5106084022    1.226  1.168  3.6858  3.054    3  0.000  0.414     0.00     0.00     0.00     0.00     0.00 -1 -3.32e-12      0.00 6.968e-01 2.900e-01 1.787e-03 1.203e-03 5.750e-03 -1.000 1.312e-02 1.850 3.933 3.150 2.179 1.599 1.134 0.459 -0.087 -0.159
0.013 -0.05655 9.69897 1.2285635471 2.5107212088    1.227  1.216  3.6838  2.998    3  0.000  0.414     0.00     0.00     0.00     0.00     0.00 -1 -3.94e-12      0.00 6.966e-01 2.903e-01 1.784e-03 1.208e-03 5.751e-03 -1.000 1.312e-02 1.731 3.854 3.051 2.071 1.485 1.016 0.334 -0.218 -0.292
0.013 -0.05655 9.69897 1.2293307781 2.5108211696    1.227  1.262  3.6817  2.944    3  0.000  0.413     0.00     0.00     0.00     0.00     0.00 -1 -4.65e-12      0.00 6.965e-01 2.904e-01 1.781e-03 1.211e-03 5.751e-03 -1.000 1.312e-02 1.615 3.778 2.955 1.966 1.374 0.901 0.211 -0.347 -0.421
0.013 -0.05655 9.69897 1.2300269604 2.5109117494    1.228  1.308  3.6796  2.890    3  0.000  0.413     0.00     0.00     0.00     0.00     0.00 -1  -5.5e-12      0.00 6.964e-01 2.905e-01 1.780e-03 1.212e-03 5.751e-03 -1.000 1.312e-02 1.500 3.704 2.861 1.862 1.265 0.787 0.089 -0.475 -0.551
0.013 -0.05655 9.69897 1.2306423187 2.5109917153    1.229  1.352  3.6775  2.837    3  0.000  0.413     0.00     0.00     0.00     0.00     0.00 -1 -6.46e-12      0.00 6.964e-01 2.905e-01 1.780e-03 1.212e-03 5.751e-03 -1.000 1.312e-02 1.389 3.637 2.772 1.763 1.160 0.678 -0.028 -0.599 -0.676
0.013 -0.05655 9.69897 1.2311931849 2.5110632223    1.229  1.395  3.6754  2.786    3  0.000  0.412     0.00     0.00     0.00     0.00     0.00 -1 -7.56e-12      0.00 6.964e-01 2.905e-01 1.779e-03 1.213e-03 5.752e-03 -1.000 1.312e-02 1.282 3.573 2.688 1.668 1.059 0.572 -0.141 -0.719 -0.797
0.013 -0.05655 9.69897 1.2317173481 2.5111311949    1.230  1.439  3.6731  2.733    3  0.000  0.412     0.00     0.00     0.00     0.00     0.00 -1 -8.88e-12      0.00 6.964e-01 2.904e-01 1.779e-03 1.213e-03 5.752e-03 -1.000 1.312e-02 1.172 3.508 2.600 1.571 0.955 0.464 -0.258 -0.842 -0.922
0.013 -0.05655 9.69897 1.2321927547 2.5111927872    1.230  1.482  3.6709  2.681    3  0.000  0.412     0.00     0.00     0.00     0.00     0.00 -1 -1.04e-11      0.00 6.964e-01 2.904e-01 1.779e-03 1.213e-03 5.752e-03 -1.000 1.312e-02 1.065 3.447 2.517 1.476 0.855 0.359 -0.372 -0.963 -1.044
0.013 -0.05655 9.69897 1.2326405048 2.5112507465    1.230  1.525  3.6686  2.630    3  0.000  0.412     0.00     0.00     0.00     0.00     0.00 -1 -1.21e-11      0.00 6.964e-01 2.904e-01 1.779e-03 1.214e-03 5.752e-03 -1.000 1.312e-02 0.959 3.388 2.434 1.384 0.756 0.254 -0.485 -1.083 -1.166
0.013 -0.05655 9.69897 1.2330605984 2.5113050818    1.231  1.565  3.6664  2.581    3  0.000  0.412     0.00     0.00     0.00     0.00     0.00 -1 -1.41e-11      0.00 6.964e-01 2.904e-01 1.778e-03 1.214e-03 5.752e-03 -1.000 1.312e-02 0.857 3.333 2.357 1.296 0.662 0.155 -0.593 -1.198 -1.282
0.013 -0.05655 9.69897 1.2334951162 2.5113612379    1.231  1.601  3.6645  2.538    3  0.000  0.412     0.00     0.00     0.00     0.00     0.00 -1 -1.61e-11      0.00 6.965e-01 2.904e-01 1.778e-03 1.214e-03 5.752e-03 -1.000 1.312e-02 0.769 3.286 2.290 1.220 0.580 0.069 -0.687 -1.298 -1.383
0.013 -0.05655 9.69897 1.2338825464 2.5114112702    1.231  1.624  3.6632  2.509    3  0.000  0.412     0.00     0.00     0.00     0.00     0.00 -1 -1.76e-11      0.00 6.965e-01 2.904e-01 1.778e-03 1.214e-03 5.752e-03 -1.000 1.312e-02 0.710 3.253 2.245 1.169 0.525 0.012 -0.749 -1.364 -1.450
0.013 -0.05655 9.69897 1.2341210842 2.5114420567    1.232  1.611  3.6641  2.526    3  0.000  0.412     0.00     0.00     0.00     0.00     0.00 -1 -1.69e-11      0.00 6.965e-01 2.904e-01 1.778e-03 1.215e-03 5.752e-03 -1.000 1.312e-02 0.742 3.265 2.267 1.195 0.554 0.043 -0.714 -1.326 -1.412
0.013 -0.05655 9.69897 1.2344207764 2.5114807166    1.232  1.571  3.6668  2.577    3  0.000  0.412     0.00     0.00     0.00     0.00     0.00 -1 -1.46e-11      0.00 6.965e-01 2.904e-01 1.778e-03 1.215e-03 5.753e-03 -1.000 1.312e-02 0.843 3.309 2.338 1.279 0.646 0.141 -0.606 -1.209 -1.293
0.013 -0.05655 9.69897 1.2345151901 2.5114928914    1.232  1.558  3.6677  2.594    3  0.000  0.412     0.00     0.00     0.00     0.00     0.00 -1 -1.38e-11      0.00 6.965e-01 2.904e-01 1.778e-03 1.215e-03 5.753e-03 -1.000 1.312e-02 0.876 3.323 2.361 1.306 0.676 0.173 -0.571 -1.171 -1.255
0.013 -0.05655 9.69897 1.2347797155 2.5115269909    1.232  1.591  3.6658  2.553    3  0.000  0.412     0.00     0.00     0.00     0.00     0.00 -1 -1.55e-11      0.00 6.965e-01 2.904e-01 1.778e-03 1.215e-03 5.753e-03 -1.000 1.312e-02 0.793 3.281 2.300 1.236 0.600 0.092 -0.658 -1.265 -1.349
0.013 -0.05655 9.69897 1.2351522446 2.5115749846    1.232  1.637  3.6631  2.497    3  0.000  0.412     0.00     0.00     0.00     0.00     0.00 -1 -1.83e-11      0.00 6.965e-01 2.904e-01 1.777e-03 1.215e-03 5.753e-03 -1.000 1.312e-02 0.679 3.224 2.215 1.138 0.494 -0.019 -0.780 -1.395 -1.482
0.013 -0.05655 9.69897 1.2355105877 2.5116211192    1.233  1.682  3.6604  2.440    3  0.000  0.412     0.00     0.00     0.00     0.00     0.00 -1 -2.16e-11      0.00 6.965e-01 2.904e-01 1.777e-03 1.215e-03 5.753e-03 -1.000 1.312e-02 0.564 3.185 2.135 1.040 0.387 -0.132 -0.904 -1.526 -1.614
0.013 -0.05655 9.69897 1.2358433008 2.5116639265    1.233  1.728  3.6577  2.384    3  0.000  0.412     0.00     0.00     0.00     0.00     0.00 -1 -2.56e-11      0.00 6.965e-01 2.904e-01 1.777e-03 1.216e-03 5.753e-03 -1.000 1.312e-02 0.450 3.149 2.058 0.945 0.283 -0.244 -1.026 -1.656 -1.746
0.013 -0.05655 9.69897 1.2361433506 2.5117025086    1.233  1.772  3.6550  2.329    3  0.000  0.412     0.00     0.00     0.00     0.00     0.00 -1 -3.02e-11      0.00 6.965e-01 2.904e-01 1.777e-03 1.216e-03 5.753e-03 -1.000 1.312e-02 0.339 3.117 1.984 0.854 0.181 -0.352 -1.145 -1.783 -1.875
0.013 -0.05655 9.69897 1.2364232540 2.5117384808    1.233  1.817  3.6522  2.273    3  0.000  0.412     0.00     0.00     0.00     0.00     0.00 -1 -3.57e-11      0.00 6.965e-01 2.904e-01 1.777e-03 1.216e-03 5.753e-03 -1.000 1.312e-02 0.227 3.087 1.911 0.762 0.079 -0.461 -1.265 -1.912 -2.005
0.013 -0.05655 9.69897 1.2366747856 2.5117707907    1.233  1.861  3.6495  2.218    3  0.000  0.412     0.00     0.00     0.00     0.00     0.00 -1  -4.2e-11      0.00 6.965e-01 2.904e-01 1.777e-03 1.216e-03 5.753e-03 -1.000 1.312e-02 0.118 3.060 1.840 0.673 -0.020 -0.567 -1.381 -2.037 -2.131
0.013 -0.05655 9.69897 1.2369123697 2.5118012952    1.233  1.905  3.6466  2.163    3  0.000  0.412     0.00     0.00     0.00     0.00     0.00 -1 -4.96e-11      0.00 6.965e-01 2.904e-01 1.776e-03 1.216e-03 5.753e-03 -1.000 1.312e-02 0.008 3.036 1.771 0.585 -0.119 -0.673 -1.500 -2.164 -2.260
0.013 -0.05655 9.69897 1.2371325493 2.5118295530    1.234  1.949  3.6438  2.107    3  0.000  0.412     0.00     0.00     0.00     0.00     0.00 -1 -5.85e-11      0.00 6.965e-01 2.904e-01 1.776e-03 1.216e-03 5.753e-03 -1.000 1.312e-02 -0.103 3.014 1.703 0.498 -0.218 -0.780 -1.618 -2.291 -2.390
0.013 -0.05655 9.69897 1.2373311520 2.5118550317    1.234  1.992  3.6409  2.052    3  0.000  0.412     0.00     0.00     0.00     0.00     0.00 -1 -6.89e-11      0.00 6.965e-01 2.904e-01 1.776e-03 1.216e-03 5.753e-03 -1.000 1.312e-02 -0.211 2.994 1.637 0.412 -0.314 -0.885 -1.734 -2.416 -2.517
0.013 -0.05655 9.69897 1.2375135422 2.5118784222    1.234  2.036  3.6380  1.997    3  0.000  0.412     0.00     0.00     0.00     0.00     0.00 -1 -8.11e-11      0.00 6.965e-01 2.904e-01 1.776e-03 1.217e-03 5.753e-03 -1.000 1.312e-02 -0.319 2.977 1.573 0.329 -0.409 -0.988 -1.850 -2.541 -2.644
0.013 -0.05655 9.69897 1.2376779318 2.5118994975    1.234  2.078  3.6351  1.944    3  0.000  0.412     0.00     0.00     0.00     0.00     0.00 -1 -9.51e-11      0.00 6.965e-01 2.904e-01 1.776e-03 1.217e-03 5.753e-03 -1.000 1.312e-02 -0.425 2.937 1.513 0.246 -0.499 -1.087 -1.961 -2.657 -2.764
0.013 -0.05655 9.69897 1.2378349304 2.5119196192    1.233  2.122  3.6321  1.888    3  0.000  0.411     0.00     0.00     0.00     0.00     0.00 -1 -1.12e-10      0.00 6.965e-01 2.904e-01 1.776e-03 1.217e-03 5.753e-03 -1.000 1.312e-02 -0.534 2.893 1.450 0.159 -0.594 -1.189 -2.076 -2.776 -2.888
0.013 -0.05655 9.69897 1.2379746437 2.5119375206    1.233  2.164  3.6291  1.834    3  0.000  0.411     0.00     0.00     0.00     0.00     0.00 -1 -1.31e-10      0.00 6.965e-01 2.904e-01 1.776e-03 1.217e-03 5.754e-03 -1.000 1.312e-02 -0.639 2.850 1.390 0.077 -0.683 -1.287 -2.187 -2.891 -3.008
0.013 -0.05655 9.69897 1.2381054163 2.5119542722    1.233  2.206  3.6261  1.780    3  0.000  0.411     0.00     0.00     0.00     0.00     0.00 -1 -1.54e-10      0.00 6.965e-01 2.904e-01 1.776e-03 1.217e-03 5.754e-03 -1.000 1.312e-02 -0.745 2.805 1.330 -0.004 -0.771 -1.385 -2.298 -3.006 -3.130
0.013 -0.05655 9.69897 1.2382262945 2.5119697527    1.233  2.248  3.6231  1.725    3  0.000  0.411     0.00     0.00     0.00     0.00     0.00 -1 -1.81e-10      0.00 6.965e-01 2.904e-01 1.776e-03 1.217e-03 5.754e-03 -1.000 1.312e-02 -0.850 2.758 1.269 -0.086 -0.859 -1.482 -2.409 -3.122 -3.250
0.013 -0.05655 9.69897 1.2383357286 2.5119837647    1.233  2.289  3.6201  1.672    3  0.000  0.411     0.00     0.00     0.00     0.00     0.00 -1 -2.12e-10      0.00 6.965e-01 2.904e-01 1.776e-03 1.217e-03 5.754e-03 -1.000 1.312e-02 -0.953 2.711 1.209 -0.165 -0.946 -1.576 -2.517 -3.235 -3.369
0.013 -0.05655 9.69897 1.2384396791 2.5119970719    1.233  2.332  3.6170  1.617    3  0.000  0.411     0.00     0.00     0.00     0.00     0.00 -1 -2.49e-10      0.00 6.965e-01 2.904e-01 1.776e-03 1.217e-03 5.754e-03 -1.000 1.312e-02 -1.059 2.660 1.148 -0.244 -1.031 -1.672 -2.627 -3.350 -3.491
0.013 -0.05655 9.69897 1.2385329008 2.5120090034    1.232  2.372  3.6140  1.564    3  0.000  0.411     0.00     0.00     0.00     0.00     0.00 -1 -2.91e-10      0.00 6.965e-01 2.904e-01 1.775e-03 1.217e-03 5.754e-03 -1.000 1.312e-02 -1.161 2.614 1.091 -0.320 -1.113 -1.764 -2.734 -3.461 -3.609
0.013 -0.05655 9.69897 1.2386202812 2.5120201854    1.232  2.414  3.6109  1.510    3  0.000  0.411     0.00     0.00     0.00     0.00     0.00 -1 -3.41e-10      0.00 6.965e-01 2.904e-01 1.775e-03 1.217e-03 5.754e-03 -1.000 1.312e-02 -1.264 2.567 1.032 -0.396 -1.197 -1.857 -2.841 -3.574 -3.728
0.013 -0.05655 9.69897 1.2387020588 2.5120306489    1.232  2.455  3.6077  1.456    3  0.000  0.411     0.00     0.00     0.00     0.00     0.00 -1 -3.99e-10      0.00 6.965e-01 2.904e-01 1.775e-03 1.217e-03 5.754e-03 -1.000 1.312e-02 -1.368 2.557 0.982 -0.464 -1.277 -1.952 -2.952 -3.692 -3.852
0.013 -0.05655 9.69897 1.2387748957 2.5120399670    1.231  2.495  3.6046  1.404    3  0.000  0.411     0.00     0.00     0.00     0.00     0.00 -1 -4.65e-10      0.00 6.965e-01 2.904e-01 1.775e-03 1.217e-03 5.754e-03 -1.000 1.312e-02 -1.467 2.558 0.938 -0.526 -1.353 -2.043 -3.058 -3.807 -3.971
0.013 -0.05655 9.69897 1.2388441563 2.5120488264    1.231  2.536  3.6015  1.351    3  0.000  0.411    10.68     7.81     5.52     4.22     3.43  4 -5.43e-10      0.00 6.965e-01 2.904e-01 1.775e-03 1.217e-03 5.754e-03 -1.000 1.312e-02 -1.569 2.561 0.894 -0.590 -1.430 -2.136 -3.167 -3.925 -4.094
0.013 -0.05655 9.69897 1.2389078140 2.5120569681    1.231  2.576  3.5983  1.297    3  0.000  0.411    11.91     8.60     6.04     4.63     3.76  4 -6.35e-10      0.00 6.965e-01 2.904e-01 1.775e-03 1.217e-03 5.754e-03 -1.000 1.312e-02 -1.669 2.563 0.852 -0.648 -1.503 -2.228 -3.274 -4.042 -4.215
0.013 -0.05655 9.69897 1.2389653921 2.5120643315    1.230  2.615  3.5951  1.246    3  0.000  0.411    13.25     9.44     6.61     5.07     4.12  4 -7.38e-10      0.00 6.965e-01 2.904e-01 1.775e-03 1.217e-03 5.754e-03 -1.000 1.312e-02 -1.766 2.564 0.814 -0.702 -1.570 -2.316 -3.379 -4.155 -4.333
0.013 -0.05655 9.69897 1.2390209436 2.5120714349    1.230  2.655  3.5918  1.192    3  0.000  0.411    14.78    10.40     7.24     5.56     4.52  4 -8.61e-10      0.00 6.965e-01 2.904e-01 1.775e-03 1.217e-03 5.754e-03 -1.000 1.312e-02 -1.866 2.565 0.776 -0.757 -1.640 -2.406 -3.487 -4.272 -4.455
0.013 -0.05655 9.69897 1.2390708923 2.5120778212    1.229  2.693  3.5886  1.141    3  0.000  0.411    16.44    11.41     7.92     6.09     4.95  4    -1e-09      0.00 6.965e-01 2.904e-01 1.775e-03 1.217e-03 5.754e-03 -1.000 1.312e-02 -1.963 2.568 0.743 -0.804 -1.703 -2.493 -3.590 -4.384 -4.572
0.013 -0.05655 9.69897 1.2391176224 2.5120837955    1.228  2.731  3.5853  1.089    3  0.000  0.411    18.28    12.53     8.66     6.67     5.42  3 -1.16e-09      0.00 6.965e-01 2.904e-01 1.775e-03 1.217e-03 5.754e-03 -1.000 1.312e-02 -2.058 2.568 0.714 -0.847 -1.761 -2.578 -3.693 -4.496 -4.689
0.013 -0.05655 9.69897 1.2391618490 2.5120894493    1.228  2.770  3.5819  1.037    3  0.000  0.411    20.35    13.77     9.47     7.30     5.94  3 -1.35e-09      0.00 6.965e-01 2.904e-01 1.775e-03 1.217e-03 5.754e-03 -1.000 1.312e-02 -2.155 2.571 0.685 -0.889 -1.819 -2.663 -3.797 -4.609 -4.807
0.013 -0.05655 9.69897 1.2392019033 2.5120945692    1.227  2.807  3.5786  0.986    3  0.000  0.411    22.58    15.09    10.34     7.98     6.49  3 -1.56e-09      0.00 6.965e-01 2.904e-01 1.775e-03 1.218e-03 5.754e-03 -1.000 1.312e-02 -2.247 2.575 0.665 -0.921 -1.869 -2.744 -3.898 -4.719 -4.922
0.013 -0.05655 9.69897 1.2392487526 2.5121005573    1.226  2.853  3.5744  0.923    3  0.000  0.411    25.70    16.90    11.52     8.91     7.25  3 -1.87e-09      0.00 6.965e-01 2.904e-01 1.775e-03 1.218e-03 5.754e-03 -1.000 1.312e-02 -2.362 2.581 0.649 -0.947 -1.920 -2.842 -4.024 -4.854 -5.064
0.013 -0.05655 9.69897 1.2392915487 2.5121060269    1.225  2.899  3.5701  0.860    3  0.000  0.411    29.28    18.95    12.85     9.96     8.11  3 -2.24e-09      0.00 6.965e-01 2.904e-01 1.775e-03 1.218e-03 5.754e-03 -1.000 1.312e-02 -2.476 2.588 0.635 -0.972 -1.970 -2.940 -4.150 -4.990 -5.207
0.013 -0.05655 9.69897 1.2393312454 2.5121110999    1.223  2.944  3.5657  0.797    3  0.000  0.411    33.32    21.23    14.33    11.12     9.05  3 -2.68e-09      0.00 6.965e-01 2.904e-01 1.775e-03 1.218e-03 5.754e-03 -1.000 1.312e-02 -2.589 2.589 0.636 -0.972 -2.001 -3.032 -4.276 -5.125 -5.349
0.013 -0.05655 9.69897 1.2393674850 2.5121157308    1.222  2.988  3.5614  0.735    3  0.000  0.411    37.83    23.74    15.93    12.39    10.09  2  -3.2e-09      0.00 6.965e-01 2.904e-01 1.775e-03 1.218e-03 5.754e-03 -1.000 1.312e-02 -2.700 2.593 0.640 -0.969 -2.029 -3.121 -4.398 -5.257 -5.487
0.013 -0.05655 9.69897 1.2394012213 2.5121200416    1.220  3.031  3.5571  0.673    3  0.000  0.411    42.92    26.52    17.71    13.79    11.24  2 -3.81e-09      0.00 6.965e-01 2.904e-01 1.775e-03 1.218e-03 5.754e-03 -1.000 1.312e-02 -2.808 2.594 0.659 -0.947 -2.044 -3.203 -4.520 -5.387 -5.625
0.013 -0.05655 9.69897 1.2394325733 2.5121240475    1.219  3.074  3.5526  0.612    3  0.000  0.411    48.70    29.63    19.69    15.36    12.52  2 -4.53e-09      0.00 6.965e-01 2.904e-01 1.775e-03 1.218e-03 5.754e-03 -1.000 1.312e-02 -2.916 2.596 0.688 -0.911 -2.049 -3.282 -4.641 -5.517 -5.762
0.013 -0.05655 9.69897 1.2394607067 2.5121276419    1.217  3.116  3.5482  0.552    3  0.000  0.411    55.03    32.98    21.81    17.04    13.89  2 -5.37e-09      0.00 6.965e-01 2.904e-01 1.775e-03 1.218e-03 5.754e-03 -1.000 1.312e-02 -3.019 2.599 0.728 -0.860 -2.043 -3.351 -4.757 -5.641 -5.894
0.013 -0.05655 9.69897 1.2394876480 2.5121310838    1.215  3.157  3.5437  0.492    3  0.000  0.411    62.33    36.79    24.21    18.95    15.45  2 -6.37e-09      0.00 6.965e-01 2.904e-01 1.775e-03 1.218e-03 5.754e-03 -1.000 1.312e-02 -3.124 2.601 0.783 -0.787 -2.024 -3.413 -4.876 -5.768 -6.029
0.013 -0.05655 9.69897 1.2395123243 2.5121342362    1.212  3.198  3.5391  0.432    3  0.000  0.411    70.41    40.95    26.82    21.02    17.14  2 -7.53e-09      0.00 6.965e-01 2.904e-01 1.775e-03 1.218e-03 5.754e-03 -1.000 1.312e-02 -3.225 2.606 0.853 -0.700 -1.995 -3.469 -4.993 -5.891 -6.160
0.013 -0.05655 9.69897 1.2395356894 2.5121372210    1.210  3.239  3.5345  0.372    3  0.000  0.411    79.61    45.60    29.72    23.34    19.04  2 -8.91e-09      0.00 6.965e-01 2.904e-01 1.775e-03 1.218e-03 5.754e-03 -1.000 1.312e-02 -3.326 2.609 0.942 -0.585 -1.952 -3.510 -5.110 -6.014 -6.292
0.013 -0.05655 9.69897 1.2395572662 2.5121399772    1.207  3.278  3.5299  0.314    3  0.000  0.411    89.79    50.68    32.87    25.85    21.09  2 -1.05e-08      0.00 6.965e-01 2.904e-01 1.775e-03 1.218e-03 5.754e-03 -1.000 1.312e-02 -3.424 2.615 1.037 -0.466 -1.903 -3.547 -5.224 -6.134 -6.420
0.013 -0.05655 9.69897 1.2395778894 2.5121426115    1.204  3.317  3.5252  0.254    3  0.000  0.411   101.41    56.38    36.39    28.67    23.40  2 -1.24e-08      0.00 6.965e-01 2.904e-01 1.775e-03 1.218e-03 5.754e-03 -1.000 1.312e-02 -3.523 2.620 1.165 -0.304 -1.832 -3.555 -5.339 -6.253 -6.549
0.013 -0.05655 9.69897 1.2395967245 2.5121450173    1.200  3.354  3.5206  0.197    3  0.000  0.411   113.99    62.46    40.12    31.66    25.84  1 -1.46e-08      0.00 6.965e-01 2.904e-01 1.775e-03 1.218e-03 5.754e-03 -1.000 1.312e-02 -3.616 2.629 1.299 -0.136 -1.756 -3.557 -5.448 -6.367 -6.672
0.013 -0.05655 9.69897 1.2396148443 2.5121473316    1.196  3.390  3.5162  0.143    3  0.000  0.411   127.43    68.85    44.04    34.80    28.42  1  -1.7e-08      0.00 6.965e-01 2.903e-01 1.775e-03 1.218e-03 5.754e-03 -1.000 1.312e-02 -3.704 2.637 1.456 0.068 -1.656 -3.526 -5.551 -6.475 -6.789
0.013 -0.05655 9.69897 1.2396197319 2.5121479559    1.195  3.399  3.5151  0.129    3  0.000  0.411   130.96    70.52    45.05    35.62    29.08  1 -1.78e-08      0.00 6.965e-01 2.903e-01 1.775e-03 1.218e-03 5.754e-03 -1.000 1.312e-02 -3.726 2.638 1.494 0.117 -1.632 -3.518 -5.576 -6.501 -6.817
0.013 -0.05655 9.69897 1.2396197319 2.5121479559    1.195  1.728  3.6748  2.438    4  0.000  0.418     0.00     0.00     0.00     0.00     0.00 -1    -1e-30      0.00 6.925e-01 2.943e-01 1.811e-03 1.206e-03 5.774e-03 -1.000 1.322e-02 0.449 2.749 1.863 0.831 0.228 -0.260 -0.977 -1.552 -1.631
0.013 -0.05655 9.69897 1.2398544550 2.5121779287    1.195  1.739  3.6739  2.424    4  0.000  0.418     0.00     0.00     0.00     0.00     0.00 -1    -1e-30      0.00 6.925e-01 2.943e-01 1.811e-03 1.207e-03 5.774e-03 -1.000 1.322e-02 0.421 2.744 1.845 0.808 0.202 -0.287 -1.008 -1.586 -1.665
0.013 -0.05655 9.69897 1.2399606705 2.5121914875    1.196  1.742  3.6738  2.421    4  0.000  0.418     0.00     0.00     0.00     0.00     0.00 -1    -1e-30      0.00 6.925e-01 2.943e-01 1.811e-03 1.207e-03 5.774e-03 -1.000 1.322e-02 0.416 2.741 1.841 0.803 0.197 -0.293 -1.014 -1.592 -1.672
0.013 -0.05655 9.69897 1.2400761843 2.5122062303    1.196  1.744  3.6737  2.418    4  0.000  0.418     0.00     0.00     0.00     0.00     0.00 -1    -1e-30      0.00 6.925e-01 2.943e-01 1.811e-03 1.207e-03 5.774e-03 -1.000 1.322e-02 0.410 2.739 1.837 0.797 0.191 -0.299 -1.021 -1.599 -1.679
0.013 -0.05655 9.69897 1.2403030396 2.5122351741    1.196  1.744  3.6739  2.419    4  0.000  0.418     0.00     0.00     0.00     0.00     0.00 -1    -1e-30      0.00 6.925e-01 2.943e-01 1.810e-03 1.207e-03 5.774e-03 -1.000 1.322e-02 0.409 2.734 1.834 0.795 0.190 -0.300 -1.021 -1.598 -1.678
0.013 -0.05655 9.69897 1.2405337095 2.5122645922    1.196  1.743  3.6742  2.421    4  0.000  0.418     0.00     0.00     0.00     0.00     0.00 -1    -1e-30      0.00 6.925e-01 2.943e-01 1.810e-03 1.207e-03 5.774e-03 -1.000 1.322e-02 0.412 2.729 1.833 0.797 0.192 -0.297 -1.017 -1.593 -1.673
0.013 -0.05655 9.69897 1.2407671213 2.5122943471    1.197  1.742  3.6746  2.425    4  0.000  0.418     0.00     0.00     0.00     0.00     0.00 -1    -1e-30      0.00 6.925e-01 2.943e-01 1.810e-03 1.207e-03 5.774e-03 -1.000 1.322e-02 0.416 2.724 1.833 0.798 0.195 -0.293 -1.011 -1.587 -1.666
0.013 -0.05655 9.69897 1.2409965992 2.5123235880    1.197  1.740  3.6750  2.428    4  0.000  0.418     0.00     0.00     0.00     0.00     0.00 -1    -1e-30      0.00 6.925e-01 2.943e-01 1.810e-03 1.208e-03 5.774e-03 -1.000 1.322e-02 0.420 2.719 1.833 0.800 0.198 -0.289 -1.006 -1.581 -1.660
0.013 -0.05655 9.69897 1.2412074804 2.5123504483    1.197  1.739  3.6753  2.431    4  0.000  0.418     0.00     0.00     0.00     0.00     0.00 -1    -1e-30      0.00 6.925e-01 2.943e-01 1.810e-03 1.208e-03 5.774e-03 -1.000 1.322e-02 0.424 2.715 1.832 0.802 0.201 -0.286 -1.002 -1.575 -1.654
0.013 -0.05655 9.69897 1.2414405346 2.5123801205    1.197  1.737  3.6757  2.434    4  0.000  0.418     0.00     0.00     0.00     0.00     0.00 -1    -1e-30      0.00 6.925e-01 2.943e-01 1.809e-03 1.208e-03 5.774e-03 -1.000 1.322e-02 0.427 2.710 1.832 0.803 0.204 -0.282 -0.997 -1.569 -1.648
0.013 -0.05655 9.69897 1.2416732311 2.5124097345    1.198  1.736  3.6760  2.437    4  0.000  0.418     0.00     0.00     0.00     0.00     0.00 -1    -1e-30      0.00 6.925e-01 2.942e-01 1.809e-03 1.208e-03 5.774e-03 -1.000 1.322e-02 0.431 2.705 1.832 0.804 0.206 -0.279 -0.992 -1.564 -1.642
0.013 -0.05655 9.69897 1.2418956757 2.5124380318    1.198  1.735  3.6763  2.439    4  0.000  0.417     0.00     0.00     0.00     0.00     0.00 -1    -1e-30      0.00 6.925e-01 2.942e-01 1.809e-03 1.208e-03 5.774e-03 -1.000 1.322e-02 0.433 2.700 1.830 0.805 0.207 -0.277 -0.989 -1.560 -1.638
0.013 -0.05655 9.69897 1.2421146631 2.5124658780    1.198  1.734  3.6766  2.441    4  0.000  0.417     0.00     0.00     0.00     0.00     0.00 -1    -1e-30      0.00 6.925e-01 2.942e-01 1.809e-03 1.209e-03 5.774e-03 -1.000 1.322e-02 0.435 2.696 1.829 0.805 0.208 -0.275 -0.987 -1.556 -1.634
0.013 -0.05655 9.69897 1.2423287630 2.5124930917    1.198  1.734  3.6768  2.442    4  0.000  0.417     0.00     0.00     0.00     0.00     0.00 -1    -1e-30      0.00 6.925e-01 2.942e-01 1.809e-03 1.209e-03 5.774e-03 -1.000 1.322e-02 0.436 2.692 1.828 0.805 0.209 -0.274 -0.984 -1.553 -1.631
0.013 -0.05655 9.69897 1.2425477505 2.5125209155    1.199  1.733  3.6771  2.444    4  0.000  0.417     0.00     0.00     0.00     0.00     0.00 -1    -1e-30      0.00 6.926e-01 2.942e-01 1.809e-03 1.209e-03 5.774e-03 -1.000 1.322e-02 0.437 2.688 1.827 0.805 0.210 -0.273 -0.982 -1.550 -1.628
0.013 -0.05655 9.69897 1.2427805662 2.5125504840    1.199  1.733  3.6773  2.445    4  0.000  0.417     0.00     0.00     0.00     0.00     0.00 -1    -1e-30      0.00 6.926e-01 2.942e-01 1.808e-03 1.209e-03 5.774e-03 -1.000 1.322e-02 0.438 2.683 1.825 0.804 0.210 -0.272 -0.981 -1.548 -1.626
0.013 -0.05655 9.69897 1.2428348064 2.5125573708    1.199  1.733  3.6773  2.446    4  0.000  0.417     0.00     0.00     0.00     0.00     0.00 -1    -1e-30      0.00 6.926e-01 2.942e-01 1.808e-03 1.209e-03 5.774e-03 -1.000 1.322e-02 0.439 2.682 1.825 0.804 0.210 -0.272 -0.980 -1.548 -1.625
0.013 -0.05655 9.69897 1.2428617477 2.5125607913    1.199  1.733  3.6774  2.446    4  0.000  0.417     0.00     0.00     0.00     0.00     0.00 -1    -1e-30      0.00 6.926e-01 2.942e-01 1.808e-03 1.209e-03 5.774e-03 -1.000 1.322e-02 0.439 2.682 1.825 0.804 0.210 -0.272 -0.980 -1.547 -1.625
0.013 -0.05655 9.69897 1.2430943251 2.5125903123    1.199  1.732  3.6776  2.447    4  0.000  0.417     0.00     0.00     0.00     0.00     0.00 -1    -1e-30      0.00 6.926e-01 2.942e-01 1.808e-03 1.210e-03 5.774e-03 -1.000 1.322e-02 0.439 2.678 1.823 0.803 0.210 -0.272 -0.979 -1.546 -1.623
0.013 -0.05655 9.69897 1.2433351278 2.5126208640    1.199  1.732  3.6777  2.447    4  0.000  0.417     0.00     0.00     0.00     0.00     0.00 -1    -1e-30      0.00 6.926e-01 2.942e-01 1.808e-03 1.210e-03 5.774e-03 -1.000 1.322e-02 0.439 2.674 1.821 0.802 0.209 -0.272 -0.979 -1.545 -1.622
0.013 -0.05655 9.69897 1.2435640097 2.5126498906    1.200  1.733  3.6779  2.448    4  0.000  0.417     0.00     0.00     0.00     0.00     0.00 -1    -1e-30      0.00 6.926e-01 2.942e-01 1.808e-03 1.210e-03 5.774e-03 -1.000 1.322e-02 0.438 2.670 1.819 0.801 0.208 -0.273 -0.979 -1.545 -1.622
0.013 -0.05655 9.69897 1.2437864542 2.5126780891    1.200  1.733  3.6780  2.448    4  0.000  0.417     0.00     0.00     0.00     0.00     0.00 -1    -1e-30      0.00 6.926e-01 2.942e-01 1.808e-03 1.210e-03 5.774e-03 -1.000 1.322e-02 0.437 2.667 1.817 0.799 0.207 -0.274 -0.980 -1.545 -1.623
0.013 -0.05655 9.69897 1.2440079451 2.5127061551    1.200  1.734  3.6780  2.447    4  0.000  0.417     0.00     0.00     0.00     0.00     0.00 -1    -1e-30      0.00 6.926e-01 2.942e-01 1.807e-03 1.210e-03 5.774e-03 -1.000 1.322e-02 0.435 2.664 1.814 0.797 0.205 -0.276 -0.982 -1.547 -1.624
0.013 -0.05655 9.69897 1.2442291975 2.5127341795    1.200  1.735  3.6781  2.447    4  0.000  0.417     0.00     0.00     0.00     0.00     0.00 -1    -1e-30      0.00 6.926e-01 2.942e-01 1.807e-03 1.211e-03 5.774e-03 -1.000 1.322e-02 0.433 2.661 1.812 0.794 0.202 -0.278 -0.984 -1.549 -1.626
0.013 -0.05655 9.69897 1.2444587946 2.5127632487    1.201  1.736  3.6780  2.445    4  0.000  0.417     0.00     0.00     0.00     0.00     0.00 -1    -1e-30      0.00 6.926e-01 2.942e-01 1.807e-03 1.211e-03 5.774e-03 -1.000 1.322e-02 0.429 2.658 1.808 0.791 0.199 -0.282 -0.987 -1.552 -1.630
0.013 -0.05655 9.69897 1.2444957495 2.5127679264    1.201  1.737  3.6780  2.445    4  0.000  0.417     0.00     0.00     0.00     0.00     0.00 -1    -1e-30      0.00 6.926e-01 2.942e-01 1.807e-03 1.211e-03 5.774e-03 -1.000 1.322e-02 0.429 2.658 1.808 0.790 0.198 -0.282 -0.988 -1.553 -1.630
0.013 -0.05655 9.69897 1.2445408106 2.5127736297    1.201  1.737  3.6780  2.445    4  0.000  0.417     0.00     0.00     0.00     0.00     0.00 -1    -1e-30      0.00 6.926e-01 2.942e-01 1.807e-03 1.211e-03 5.774e-03 -1.000 1.322e-02 0.428 2.657 1.807 0.789 0.197 -0.283 -0.989 -1.554 -1.631
0.013 -0.05655 9.69897 1.2447675467 2.5128023202    1.201  1.739  3.6779  2.443    4  0.000  0.417     0.00     0.00     0.00     0.00     0.00 -1    -1e-30      0.00 6.926e-01 2.942e-01 1.807e-03 1.211e-03 5.774e-03 -1.000 1.322e-02 0.423 2.655 1.803 0.785 0.193 -0.288 -0.994 -1.559 -1.637
0.013 -0.05655 9.69897 1.2449922562 2.5128307424    1.201  1.741  3.6778  2.440    4  0.000  0.417     0.00     0.00     0.00     0.00     0.00 -1    -1e-30      0.00 6.926e-01 2.942e-01 1.807e-03 1.211e-03 5.774e-03 -1.000 1.322e-02 0.417 2.652 1.799 0.780 0.187 -0.294 -1.000 -1.566 -1.643
0.013 -0.05655 9.69897 1.2452204227 2.5128595899    1.202  1.744  3.6776  2.436    4  0.000  0.417     0.00     0.00     0.00     0.00     0.00 -1    -1e-30      0.00 6.926e-01 2.942e-01 1.807e-03 1.211e-03 5.774e-03 -1.000 1.322e-02 0.410 2.650 1.794 0.774 0.181 -0.301 -1.008 -1.574 -1.652
0.013 -0.05655 9.69897 1.2454413176 2.5128875063    1.202  1.747  3.6773  2.432    4  0.000  0.417     0.00     0.00     0.00     0.00     0.00 -1    -1e-30      0.00 6.926e-01 2.942e-01 1.806e-03 1.212e-03 5.774e-03 -1.000 1.322e-02 0.401 2.648 1.789 0.767 0.173 -0.310 -1.018 -1.585 -1.662
0.013 -0.05655 9.69897 1.2456630468 2.5129155168    1.202  1.752  3.6770  2.426    4  0.000  0.417     0.00     0.00     0.00     0.00     0.00 -1    -1e-30      0.00 6.926e-01 2.942e-01 1.806e-03 1.212e-03 5.774e-03 -1.000 1.322e-02 0.391 2.646 1.782 0.758 0.163 -0.320 -1.029 -1.597 -1.675
0.013 -0.05655 9.69897 1.2458850145 2.5129435459    1.202  1.757  3.6766  2.420    4  0.000  0.417     0.00     0.00     0.00     0.00     0.00 -1    -1e-30      0.00 6.926e-01 2.942e-01 1.806e-03 1.212e-03 5.774e-03 -1.000 1.322e-02 0.379 2.645 1.775 0.748 0.152 -0.332 -1.043 -1.612 -1.690
0.013 -0.05655 9.69897 1.2461040020 2.5129711874    1.203  1.762  3.6762  2.413    4  0.000  0.417     0.00     0.00     0.00     0.00     0.00 -1    -1e-30      0.00 6.926e-01 2.941e-01 1.806e-03 1.212e-03 5.774e-03 -1.000 1.322e-02 0.366 2.643 1.767 0.738 0.140 -0.345 -1.057 -1.627 -1.706
0.013 -0.05655 9.69897 1.2463239431 2.5129989381    1.203  1.767  3.6757  2.405    4  0.000  0.417     0.00     0.00     0.00     0.00     0.00 -1    -1e-30      0.00 6.926e-01 2.941e-01 1.806e-03 1.212e-03 5.774e-03 -1.000 1.322e-02 0.351 2.641 1.759 0.727 0.127 -0.359 -1.073 -1.645 -1.724
0.013 -0.05655 9.69897 1.2465658188 2.5130294433    1.203  1.770  3.6755  2.402    4  0.000  0.417     0.00     0.00     0.00     0.00     0.00 -1    -1e-30      0.00 6.926e-01 2.941e-01 1.805e-03 1.213e-03 5.774e-03 -1.000 1.322e-02 0.344 2.638 1.753 0.721 0.120 -0.366 -1.081 -1.653 -1.732
0.013 -0.05655 9.69897 1.2467988729 2.5130588230    1.203  1.784  3.6742  2.383    4  0.000  0.417     0.00     0.00     0.00     0.00     0.00 -1    -1e-30      0.00 6.926e-01 2.941e-01 1.805e-03 1.213e-03 5.774e-03 -1.000 1.322e-02 0.311 2.638 1.736 0.695 0.090 -0.398 -1.119 -1.695 -1.774
0.013 -0.05655 9.69897 1.2470273972 2.5130876194    1.204  1.810  3.6717  2.348    4  0.000  0.417     0.00     0.00     0.00     0.00     0.00 -1    -1e-30      0.00 6.927e-01 2.941e-01 1.805e-03 1.213e-03 5.774e-03 -1.000 1.322e-02 0.246 2.634 1.699 0.644 0.032 -0.462 -1.192 -1.775 -1.856
0.013 -0.05655 9.69897 1.2472071648 2.5131102635    1.204  1.848  3.6682  2.296    4  0.000  0.417     0.00     0.00     0.00     0.00     0.00 -1    -1e-30      0.00 6.927e-01 2.941e-01 1.805e-03 1.213e-03 5.774e-03 -1.000 1.322e-02 0.150 2.629 1.646 0.570 -0.054 -0.555 -1.298 -1.891 -1.974
0.013 -0.05655 9.69897 1.2472946644 2.5131212825    1.204  1.886  3.6647  2.244    4  0.000  0.417     0.00     0.00     0.00     0.00     0.00 -1    -1e-30      0.00 6.927e-01 2.941e-01 1.805e-03 1.213e-03 5.774e-03 -1.000 1.322e-02 0.056 2.627 1.595 0.498 -0.138 -0.647 -1.403 -2.007 -2.092
0.013 -0.05655 9.69897 1.2473435402 2.5131274368    1.204  1.927  3.6610  2.188    4  0.000  0.417     0.00     0.00     0.00     0.00     0.00 -1    -1e-30      0.00 6.927e-01 2.941e-01 1.805e-03 1.213e-03 5.774e-03 -1.000 1.322e-02 -0.048 2.622 1.537 0.419 -0.230 -0.748 -1.518 -2.133 -2.220
0.013 -0.05655 9.69897 1.2473670244 2.5131303936    1.204  1.968  3.6574  2.132    4  0.000  0.417     0.00     0.00     0.00     0.00     0.00 -1    -1e-30      0.00 6.927e-01 2.941e-01 1.805e-03 1.213e-03 5.774e-03 -1.000 1.322e-02 -0.150 2.620 1.482 0.342 -0.320 -0.846 -1.631 -2.257 -2.346
0.013 -0.05655 9.69897 1.2473782301 2.5131318044    1.204  2.006  3.6540  2.080    4  0.000  0.417     0.00     0.00     0.00     0.00     0.00 -1    -1e-30      0.00 6.927e-01 2.941e-01 1.805e-03 1.213e-03 5.774e-03 -1.000 1.322e-02 -0.246 2.620 1.432 0.271 -0.404 -0.938 -1.737 -2.373 -2.464
0.013 -0.05655 9.69897 1.2473850250 2.5131326599    1.204  2.046  3.6506  2.027    4  0.000  0.417     0.00     0.00     0.00     0.00     0.00 -1    -1e-30      0.00 6.927e-01 2.941e-01 1.805e-03 1.213e-03 5.774e-03 -1.000 1.322e-02 -0.344 2.619 1.379 0.197 -0.490 -1.033 -1.844 -2.491 -2.585
0.013 -0.05655 9.69897 1.2473893166 2.5131332002    1.204  2.082  3.6475  1.978    4  0.000  0.416     0.00     0.00     0.00     0.00     0.00 -1    -1e-30      0.00 6.927e-01 2.941e-01 1.805e-03 1.213e-03 5.774e-03 -1.000 1.322e-02 -0.436 2.612 1.333 0.129 -0.569 -1.120 -1.944 -2.599 -2.696
0.013 -0.05655 9.69897 1.2473897934 2.5131332603    1.204  2.088  3.6470  1.971    7  0.000  0.416     0.00     0.00     0.00     0.00     0.00 -1    -1e-30      0.00 6.927e-01 2.941e-01 1.805e-03 1.213e-03 5.774e-03 -1.000 1.322e-02 -0.450 2.609 1.326 0.119 -0.581 -1.133 -1.959 -2.614 -2.712
0.013 -0.05655 9.69897 1.2473909855 2.5131334104    1.204  2.100  3.6460  1.955    7  0.000  0.416     0.00     0.00     0.00     0.00     0.00 -1    -1e-30      0.00 6.927e-01 2.941e-01 1.805e-03 1.213e-03 5.774e-03 -1.000 1.322e-02 -0.479 2.603 1.312 0.097 -0.606 -1.160 -1.991 -2.648 -2.747
0.013 -0.05655 9.69897 1.2473946810 2.5131338756    1.204  2.142  3.6425  1.899    7  0.000  0.416     0.00     0.00     0.00     0.00     0.00 -1    -1e-30      0.00 6.927e-01 2.941e-01 1.805e-03 1.213e-03 5.774e-03 -1.000 1.322e-02 -0.585 2.579 1.259 0.017 -0.697 -1.259 -2.104 -2.768 -2.872
0.013 -0.05655 9.69897 1.2473982573 2.5131343259    1.204  2.181  3.6392  1.846    7  0.000  0.416     0.00     0.00     0.00     0.00     0.00 -1    -1e-30      0.00 6.927e-01 2.941e-01 1.805e-03 1.213e-03 5.774e-03 -1.000 1.322e-02 -0.682 2.554 1.209 -0.057 -0.780 -1.350 -2.209 -2.878 -2.987
0.013 -0.05655 9.69897 1.2474019527 2.5131347911    1.204  2.203  3.6373  1.816    7  0.000  0.416     0.00     0.00     0.00     0.00     0.00 -1    -1e-30      0.00 6.927e-01 2.941e-01 1.805e-03 1.213e-03 5.774e-03 -1.000 1.322e-02 -0.739 2.540 1.180 -0.099 -0.827 -1.402 -2.269 -2.942 -3.053
0.013 -0.05655 9.69897 1.2474111319 2.5131359467    1.204  2.198  3.6378  1.823    7  0.000  0.416     0.00     0.00     0.00     0.00     0.00 -1    -1e-30      0.00 6.927e-01 2.941e-01 1.805e-03 1.213e-03 5.774e-03 -1.000 1.322e-02 -0.726 2.541 1.186 -0.090 -0.816 -1.391 -2.255 -2.927 -3.038
0.013 -0.05655 9.69897 1.2474186420 2.5131368922    1.204  2.164  3.6407  1.869    7  0.000  0.416     0.00     0.00     0.00     0.00     0.00 -1    -1e-30      0.00 6.927e-01 2.941e-01 1.805e-03 1.213e-03 5.774e-03 -1.000 1.322e-02 -0.640 2.563 1.229 -0.027 -0.745 -1.311 -2.164 -2.830 -2.937
0.013 -0.05655 9.69897 1.2474377155 2.5131392934    1.204  2.135  3.6432  1.908    7  0.000  0.416     0.00     0.00     0.00     0.00     0.00 -1 -1.13e-30      0.00 6.927e-01 2.941e-01 1.805e-03 1.213e-03 5.774e-03 -1.000 1.322e-02 -0.567 2.581 1.266 0.029 -0.682 -1.243 -2.085 -2.748 -2.850
0.013 -0.05655 9.69897 1.2476023436 2.5131600150    1.204  2.151  3.6417  1.887    7  0.000  0.416     0.00     0.00     0.00     0.00     0.00 -1 -1.87e-12      0.00 6.927e-01 2.934e-01 1.805e-03 1.214e-03 5.774e-03 -1.000 1.393e-02 -0.607 2.574 1.247 -0.000 -0.716 -1.280 -2.128 -2.793 -2.898
0.013 -0.05655 9.69897 1.2476971149 2.5131719410    1.203  2.188  3.6385  1.837    7  0.000  0.416     0.00     0.00     0.00     0.00     0.00 -1 -5.02e-10      0.00 6.927e-01 2.933e-01 1.805e-03 1.214e-03 5.774e-03 -1.000 1.403e-02 -0.700 2.551 1.201 -0.070 -0.794 -1.366 -2.228 -2.899 -3.008
0.013 -0.05655 9.69897 1.2477847338 2.5131829650    1.203  2.230  3.6349  1.780    7  0.000  0.416     0.00     0.00     0.00     0.00     0.00 -1 -6.22e-10      0.00 6.927e-01 2.933e-01 1.805e-03 1.214e-03 5.774e-03 -1.000 1.403e-02 -0.806 2.525 1.148 -0.148 -0.882 -1.464 -2.341 -3.018 -3.133
0.013 -0.05655 9.69897 1.2478574514 2.5131921129    1.202  2.271  3.6315  1.724    7  0.000  0.416     0.00     0.00     0.00     0.00     0.00 -1  -7.7e-10      0.00 6.927e-01 2.933e-01 1.804e-03 1.214e-03 5.774e-03 -1.000 1.403e-02 -0.908 2.495 1.095 -0.225 -0.967 -1.558 -2.450 -3.133 -3.255
0.013 -0.05655 9.69897 1.2479192019 2.5131998801    1.202  2.312  3.6280  1.670    7  0.000  0.416     0.00     0.00     0.00     0.00     0.00 -1 -9.49e-10      0.00 6.927e-01 2.933e-01 1.804e-03 1.214e-03 5.774e-03 -1.000 1.403e-02 -1.011 2.463 1.043 -0.300 -1.050 -1.651 -2.559 -3.248 -3.375
0.013 -0.05655 9.69897 1.2479733229 2.5132066870    1.201  2.353  3.6246  1.615    7  0.000  0.416     0.00     0.00     0.00     0.00     0.00 -1 -1.16e-09      0.00 6.927e-01 2.933e-01 1.804e-03 1.214e-03 5.774e-03 -1.000 1.403e-02 -1.113 2.429 0.990 -0.374 -1.133 -1.744 -2.667 -3.362 -3.496
0.013 -0.05655 9.69897 1.2480205297 2.5132126236    1.200  2.394  3.6211  1.560    7  0.000  0.416     0.00     0.00     0.00     0.00     0.00 -1 -1.43e-09      0.00 6.927e-01 2.933e-01 1.804e-03 1.214e-03 5.774e-03 -1.000 1.403e-02 -1.215 2.394 0.936 -0.448 -1.215 -1.836 -2.774 -3.476 -3.616
0.013 -0.05655 9.69897 1.2480620146 2.5132178403    1.199  2.435  3.6176  1.505    7  0.000  0.416     0.00     0.00     0.00     0.00     0.00 -1 -1.75e-09      0.00 6.927e-01 2.933e-01 1.804e-03 1.214e-03 5.774e-03 -1.000 1.403e-02 -1.317 2.358 0.884 -0.520 -1.295 -1.927 -2.882 -3.590 -3.737
0.013 -0.05655 9.69897 1.2480993271 2.5132225320    1.199  2.475  3.6142  1.450    7  0.000  0.416     0.00     0.00     0.00     0.00     0.00 -1 -2.15e-09      0.00 6.927e-01 2.933e-01 1.804e-03 1.214e-03 5.774e-03 -1.000 1.402e-02 -1.419 2.363 0.839 -0.586 -1.374 -2.020 -2.991 -3.709 -3.861
0.013 -0.05655 9.69897 1.2481330633 2.5132267737    1.198  2.516  3.6107  1.395    7  0.000  0.416     9.65     7.16     5.07     3.88     3.15  4 -2.62e-09      0.00 6.927e-01 2.933e-01 1.804e-03 1.214e-03 5.774e-03 -1.000 1.402e-02 -1.520 2.376 0.797 -0.650 -1.453 -2.114 -3.101 -3.829 -3.986
0.013 -0.05655 9.69897 1.2481640577 2.5132306704    1.196  2.557  3.6071  1.339    7  0.000  0.416    10.81     7.91     5.58     4.27     3.47  4  -3.2e-09      0.00 6.927e-01 2.933e-01 1.804e-03 1.214e-03 5.774e-03 -1.000 1.402e-02 -1.622 2.389 0.758 -0.709 -1.528 -2.205 -3.210 -3.948 -4.111
0.013 -0.05655 9.69897 1.2481861115 2.5132334429    1.196  2.587  3.6028  1.291    7  0.000  0.416    11.94     8.63     6.06     4.65     3.77  4 -3.73e-09      0.00 6.927e-01 2.933e-01 1.804e-03 1.214e-03 5.774e-03 -1.000 1.402e-02 -1.698 2.439 0.755 -0.734 -1.571 -2.270 -3.296 -4.047 -4.215
0.013 -0.05655 9.69897 1.2482134104 2.5132368747    1.194  2.628  3.5970  1.227    7  0.000  0.416    13.62     9.69     6.77     5.20     4.22  4 -4.54e-09      0.00 6.927e-01 2.933e-01 1.802e-03 1.215e-03 5.774e-03 -1.000 1.402e-02 -1.799 2.504 0.755 -0.760 -1.621 -2.354 -3.408 -4.177 -4.353
0.013 -0.05655 9.69897 1.2482395172 2.5132401565    1.192  2.668  3.5934  1.172    7  0.000  0.415    15.26    10.71     7.44     5.73     4.65  4 -5.52e-09      0.00 6.927e-01 2.933e-01 1.800e-03 1.217e-03 5.774e-03 -1.000 1.402e-02 -1.900 2.512 0.721 -0.812 -1.689 -2.445 -3.518 -4.297 -4.478
0.013 -0.05655 9.69897 1.2482637167 2.5132431984    1.191  2.708  3.5898  1.117    7  0.000  0.414    17.09    11.82     8.19     6.30     5.12  3 -6.73e-09      0.00 6.927e-01 2.933e-01 1.796e-03 1.221e-03 5.774e-03 -1.000 1.402e-02 -2.001 2.522 0.688 -0.863 -1.756 -2.535 -3.626 -4.415 -4.602
0.013 -0.05655 9.69897 1.2482870817 2.5132461352    1.188  2.749  3.5861  1.061    7  0.000  0.413    19.17    13.08     9.01     6.95     5.65  3  -8.1e-09      0.00 6.927e-01 2.933e-01 1.791e-03 1.227e-03 5.774e-03 -1.000 1.402e-02 -2.101 2.530 0.663 -0.902 -1.814 -2.623 -3.735 -4.534 -4.727
0.013 -0.05655 9.69897 1.2483105659 2.5132490869    1.186  2.789  3.5821  1.003    7  0.000  0.412    21.57    14.50     9.95     7.69     6.25  3 -9.83e-09      0.00 6.927e-01 2.933e-01 1.786e-03 1.233e-03 5.774e-03 -1.000 1.402e-02 -2.203 2.543 0.640 -0.940 -1.871 -2.712 -3.846 -4.656 -4.855
0.013 -0.05655 9.69897 1.2483322620 2.5132518138    1.183  2.831  3.5779  0.943    7  0.000  0.411    24.40    16.16    11.03     8.54     6.94  3 -1.21e-08      0.00 6.927e-01 2.933e-01 1.782e-03 1.238e-03 5.774e-03 -1.000 1.402e-02 -2.309 2.560 0.628 -0.967 -1.920 -2.803 -3.962 -4.783 -4.988
0.013 -0.05655 9.69897 1.2483487129 2.5132538813    1.180  2.875  3.5736  0.882    7  0.000  0.410    27.67    18.04    12.25     9.50     7.73  3 -1.48e-08      0.00 6.927e-01 2.933e-01 1.778e-03 1.242e-03 5.774e-03 -1.000 1.402e-02 -2.417 2.571 0.619 -0.985 -1.964 -2.894 -4.082 -4.912 -5.124
0.013 -0.05655 9.69897 1.2483593225 2.5132552147    1.178  2.915  3.5695  0.824    7  0.000  0.410    31.18    20.03    13.54    10.51     8.56  3 -1.79e-08      0.00 6.927e-01 2.933e-01 1.775e-03 1.247e-03 5.774e-03 -1.000 1.402e-02 -2.519 2.584 0.615 -0.998 -2.002 -2.980 -4.195 -5.035 -5.254
0.013 -0.05655 9.69897 1.2483681440 2.5132563233    1.175  2.957  3.5650  0.763    7  0.000  0.409    35.31    22.34    15.02    11.69     9.51  2 -2.16e-08      0.00 6.927e-01 2.933e-01 1.772e-03 1.250e-03 5.774e-03 -1.000 1.402e-02 -2.623 2.594 0.628 -0.986 -2.021 -3.062 -4.312 -5.162 -5.388
0.013 -0.05655 9.69897 1.2483761311 2.5132573271    1.173  2.999  3.5603  0.701    7  0.000  0.408    40.09    24.96    16.70    13.02    10.60  2 -2.62e-08      0.00 6.926e-01 2.933e-01 1.770e-03 1.253e-03 5.774e-03 -1.000 1.404e-02 -2.729 2.607 0.645 -0.970 -2.038 -3.145 -4.431 -5.291 -5.524
0.013 -0.05655 9.69897 1.2483835220 2.5132582559    1.170  3.041  3.5556  0.640    7  0.000  0.408    45.47    27.87    18.56    14.48    11.80  2 -3.17e-08      0.00 6.926e-01 2.933e-01 1.769e-03 1.255e-03 5.774e-03 -1.000 1.408e-02 -2.832 2.616 0.682 -0.925 -2.035 -3.218 -4.548 -5.418 -5.658
0.013 -0.05655 9.69897 1.2483909130 2.5132591847    1.167  3.085  3.5505  0.574    7  0.000  0.408    52.09    31.39    20.79    16.26    13.24  2  -3.9e-08      0.00 6.926e-01 2.933e-01 1.767e-03 1.257e-03 5.774e-03 -1.000 1.408e-02 -2.943 2.629 0.729 -0.869 -2.027 -3.295 -4.674 -5.554 -5.803
0.013 -0.05655 9.69897 1.2483973503 2.5132599937    1.163  3.124  3.5458  0.514    7  0.000  0.408    58.83    34.92    23.01    18.03    14.69  2 -4.63e-08      0.00 6.926e-01 2.933e-01 1.766e-03 1.258e-03 5.774e-03 -1.000 1.408e-02 -3.041 2.638 0.793 -0.787 -1.999 -3.350 -4.787 -5.675 -5.932
0.013 -0.05655 9.69897 1.2484045029 2.5132608925    1.159  3.164  3.5408  0.453    7  0.000  0.408    66.71    38.98    25.56    20.05    16.34  2 -5.55e-08      0.00 6.926e-01 2.933e-01 1.766e-03 1.258e-03 5.774e-03 -1.000 1.408e-02 -3.140 2.653 0.873 -0.687 -1.960 -3.403 -4.902 -5.798 -6.064
0.013 -0.05655 9.69897 1.2484128475 2.5132619411    1.152  3.204  3.5356  0.390    7  0.000  0.408    75.87    43.61    28.44    22.36    18.23  2 -6.65e-08      0.00 6.926e-01 2.933e-01 1.766e-03 1.258e-03 5.774e-03 -1.000 1.408e-02 -3.239 2.669 0.985 -0.547 -1.897 -3.436 -5.019 -5.922 -6.197
0.013 -0.05655 9.69897 1.2484177351 2.5132625553    1.147  3.225  3.5326  0.355    7  0.000  0.408    81.52    46.42    30.19    23.76    19.37  2 -7.41e-08      0.00 6.926e-01 2.933e-01 1.766e-03 1.258e-03 5.774e-03 -1.000 1.408e-02 -3.293 2.679 1.052 -0.464 -1.858 -3.452 -5.083 -5.990 -6.271
0.013 -0.05655 9.69897 1.2484186888 2.5132626751    1.146  3.236  3.5313  0.339    7  0.000  0.408    84.25    47.78    31.03    24.43    19.92  2 -7.77e-08      0.00 6.926e-01 2.933e-01 1.766e-03 1.258e-03 5.774e-03 -1.000 1.408e-02 -3.319 2.683 1.081 -0.427 -1.842 -3.460 -5.114 -6.023 -6.305
0.013 -0.05655 9.69897 1.2484197617 2.5132628099    1.145  3.245  3.5300  0.324    7  0.000  0.408    86.85    49.06    31.83    25.07    20.45  2 -8.13e-08      0.00 6.926e-01 2.933e-01 1.766e-03 1.258e-03 5.774e-03 -1.000 1.408e-02 -3.342 2.687 1.110 -0.390 -1.825 -3.467 -5.141 -6.052 -6.337
0.013 -0.05655 9.69897 1.2484214306 2.5132630197    1.143  3.240  3.5306  0.330    7  0.000  0.408    85.70    48.49    31.47    24.79    20.21  2 -8.04e-08      0.00 6.926e-01 2.933e-01 1.766e-03 1.258e-03 5.774e-03 -1.000 1.408e-02 -3.330 2.688 1.100 -0.404 -1.830 -3.462 -5.127 -6.037 -6.321
0.013 -0.05655 9.69897 1.2484215498 2.5132630346    1.143  3.258  3.5282  0.303    7  0.000  0.407    90.65    50.93    32.98    26.00    21.20  2 -8.63e-08      0.00 6.926e-01 2.933e-01 1.766e-03 1.258e-03 5.774e-03 -1.000 1.407e-02 -3.374 2.694 1.166 -0.321 -1.791 -3.463 -5.180 -6.092 -6.381
0.013 -0.05655 9.69897 1.2484216690 2.5132630496    1.143  3.220  3.5330  0.359    7  0.000  0.407    80.69    46.00    29.93    23.55    19.20  2 -7.38e-08      0.00 6.926e-01 2.933e-01 1.766e-03 1.258e-03 5.774e-03 -1.000 1.407e-02 -3.281 2.684 1.050 -0.467 -1.857 -3.444 -5.070 -5.977 -6.257
0.013 -0.05655 9.69897 1.2484217882 2.5132630646    1.143  3.207  3.5347  0.380    7  0.000  0.407    77.32    44.32    28.88    22.72    18.52  2 -6.95e-08      0.00 6.926e-01 2.933e-01 1.766e-03 1.258e-03 5.774e-03 -1.000 1.407e-02 -3.247 2.681 1.015 -0.512 -1.876 -3.432 -5.030 -5.934 -6.211
0.013 -0.05655 9.69897 1.2484219074 2.5132630796    1.143  3.221  3.5330  0.358    7  0.000  0.407    80.86    46.09    29.98    23.59    19.24  2  -7.4e-08      0.00 6.926e-01 2.933e-01 1.766e-03 1.258e-03 5.774e-03 -1.000 1.407e-02 -3.284 2.682 1.049 -0.469 -1.859 -3.446 -5.072 -5.979 -6.259
0.013 -0.05655 9.69897 1.2484220266 2.5132630946    1.143  3.230  3.5317  0.345    7  0.000  0.407    83.16    47.23    30.69    24.16    19.70  2  -7.7e-08      0.00 6.926e-01 2.933e-01 1.765e-03 1.259e-03 5.774e-03 -1.000 1.407e-02 -3.305 2.687 1.077 -0.433 -1.841 -3.452 -5.098 -6.006 -6.289
0.013 -0.05655 9.69897 1.2484221458 2.5132631095    1.143  3.167  3.5398  0.441    7  0.000  0.407    68.22    39.72    26.01    20.43    16.65  2 -5.84e-08      0.00 6.926e-01 2.933e-01 1.765e-03 1.260e-03 5.773e-03 -1.000 1.407e-02 -3.146 2.670 0.904 -0.652 -1.937 -3.399 -4.911 -5.809 -6.077
0.013 -0.05655 9.69897 1.2484225035 2.5132631545    1.143  3.159  3.5407  0.451    7  0.000  0.407    66.71    38.95    25.53    20.04    16.34  2 -5.68e-08      0.00 6.926e-01 2.933e-01 1.764e-03 1.260e-03 5.773e-03 -1.000 1.407e-02 -3.128 2.669 0.890 -0.669 -1.944 -3.389 -4.890 -5.787 -6.053
0.013 -0.05655 9.69897 1.2484229803 2.5132632144    1.142  3.206  3.5347  0.381    7  0.000  0.407    77.22    44.26    28.85    22.69    18.50  2 -6.92e-08      0.00 6.926e-01 2.933e-01 1.764e-03 1.260e-03 5.773e-03 -1.000 1.407e-02 -3.245 2.681 1.013 -0.514 -1.877 -3.432 -5.028 -5.932 -6.209
0.013 -0.05655 9.69897 1.2484234571 2.5132632743    1.142  3.249  3.5292  0.315    7  0.000  0.407    88.35    49.79    32.28    25.43    20.74  2 -8.33e-08      0.00 6.926e-01 2.933e-01 1.764e-03 1.260e-03 5.773e-03 -1.000 1.407e-02 -3.352 2.694 1.140 -0.354 -1.805 -3.460 -5.154 -6.065 -6.352
0.013 -0.05655 9.69897 1.2484239340 2.5132633342    1.141  3.286  3.5243  0.258    7  0.000  0.407    99.45    55.22    35.63    28.12    22.93  1 -9.72e-08      0.00 6.926e-01 2.933e-01 1.764e-03 1.260e-03 5.773e-03 -1.000 1.407e-02 -3.446 2.705 1.281 -0.176 -1.722 -3.458 -5.265 -6.181 -6.478
0.013 -0.05655 9.69897 1.2484244108 2.5132633942    1.140  3.321  3.5197  0.205    7  0.000  0.407   110.96    60.76    39.04    30.85    25.17  1 -1.12e-07      0.00 6.926e-01 2.933e-01 1.764e-03 1.260e-03 5.773e-03 -1.000 1.407e-02 -3.532 2.717 1.422 -0.001 -1.638 -3.451 -5.366 -6.287 -6.593
0.013 -0.05655 9.69897 1.2484250069 2.5132634691    1.140  3.351  3.5154  0.157    7  0.000  0.407   122.55    66.27    42.41    33.56    27.39  1 -1.28e-07      0.00 6.926e-01 2.933e-01 1.764e-03 1.260e-03 5.773e-03 -1.000 1.407e-02 -3.609 2.729 1.583 0.209 -1.530 -3.409 -5.457 -6.382 -6.697
0.013 -0.05655 9.69897 1.2484257221 2.5132635589    1.138  3.385  3.5107  0.104    7  0.000  0.407   136.65    72.88    46.44    36.80    30.04  0 -1.47e-07      0.00 6.926e-01 2.933e-01 1.764e-03 1.260e-03 5.773e-03 -1.000 1.407e-02 -3.692 2.745 1.763 0.443 -1.409 -3.360 -5.555 -6.486 -6.811
0.013 -0.05655 9.69897 1.2484266758 2.5132636788    1.136  3.417  3.5062  0.053    7  0.000  0.407   151.75    79.86    50.68    40.22    32.83  0 -1.68e-07      0.00 6.926e-01 2.933e-01 1.764e-03 1.260e-03 5.773e-03 -1.000 1.407e-02 -3.772 2.753 1.912 0.639 -1.309 -3.314 -5.649 -6.585 -6.918
0.013 -0.05655 9.69897 1.2484279871 2.5132638436    1.133  3.445  3.5020  0.007    7  0.528  0.407   166.81    86.72    54.82    43.56    35.57  0 -1.89e-07      0.00 6.926e-01 2.933e-01 1.764e-03 1.260e-03 5.773e-03 -1.000 1.407e-02 -3.842 2.764 2.061 0.830 -1.208 -3.260 -5.732 -6.672 -7.013
0.013 -0.05655 9.69897 1.2484289408 2.5132639634    1.130  3.459  3.4996 -0.018    7  0.528  0.407   175.67    90.71    57.23    45.51    37.16  0 -2.03e-07      0.00 6.926e-01 2.933e-01 1.764e-03 1.260e-03 5.773e-03 -1.000 1.407e-02 -3.878 2.773 2.149 0.942 -1.147 -3.225 -5.777 -6.719 -7.065
0.013 -0.05655 9.69897 1.2484290600 2.5132639784    1.130  3.459  3.4996 -0.018    8  0.528  0.428   175.70    90.72    57.23    45.51    37.17  0 -2.03e-07      0.00 6.926e-01 2.942e-01 1.858e-03 1.261e-03 5.787e-03 -1.000 1.322e-02 -3.878 2.773 2.149 0.942 -1.147 -3.225 -5.777 -6.719 -7.065
0.013 -0.05655 9.69897 1.2484291792 2.5132639934    1.130  3.208  3.5327  0.366    8  0.528  0.428    79.44    45.34    29.51    23.23    18.94  2 -7.21e-08      0.00 6.926e-01 2.942e-01 1.858e-03 1.261e-03 5.787e-03 -1.000 1.322e-02 -3.249 2.714 1.091 -0.422 -1.815 -3.408 -5.039 -5.947 -6.227
0.013 -0.05655 9.69897 1.2484292984 2.5132640083    1.129  3.100  3.5467  0.530    8  0.528  0.428    56.59    33.71    22.24    17.43    14.20  2 -4.57e-08      0.00 6.926e-01 2.942e-01 1.858e-03 1.261e-03 5.787e-03 -1.000 1.322e-02 -2.980 2.676 0.821 -0.761 -1.962 -3.297 -4.723 -5.609 -5.865
0.013 -0.05655 9.69897 1.2484295368 2.5132640383    1.129  2.917  3.5704  0.807    8  0.528  0.428    31.86    20.41    13.77    10.71     8.72  3 -2.06e-08      0.00 6.926e-01 2.942e-01 1.858e-03 1.261e-03 5.787e-03 -1.000 1.322e-02 -2.522 2.580 0.597 -1.023 -2.022 -2.988 -4.197 -5.033 -5.252
0.013 -0.05655 9.69897 1.2484298944 2.5132640832    1.128  2.935  3.5679  0.779    8  0.528  0.428    33.77    21.48    14.46    11.25     9.16  2 -2.24e-08      0.00 6.926e-01 2.942e-01 1.858e-03 1.261e-03 5.787e-03 -1.000 1.322e-02 -2.567 2.595 0.616 -1.004 -2.020 -3.020 -4.248 -5.091 -5.313
0.013 -0.05655 9.69897 1.2484303713 2.5132641432    1.127  3.051  3.5524  0.600    8  0.528  0.428    48.87    29.66    19.67    15.39    12.53  2 -3.74e-08      0.00 6.926e-01 2.942e-01 1.858e-03 1.261e-03 5.787e-03 -1.000 1.322e-02 -2.858 2.666 0.754 -0.847 -1.987 -3.223 -4.583 -5.459 -5.705
0.013 -0.05655 9.69897 1.2484310865 2.5132642330    1.125  3.207  3.5318  0.362    8  0.529  0.428    80.04    45.63    29.69    23.37    19.06  2 -7.26e-08      0.00 6.926e-01 2.942e-01 1.858e-03 1.261e-03 5.787e-03 -1.000 1.322e-02 -3.247 2.729 1.124 -0.382 -1.787 -3.395 -5.039 -5.948 -6.230
0.013 -0.05655 9.69897 1.2484318018 2.5132643229    1.123  3.338  3.5144  0.160    8  0.529  0.428   121.38    65.64    42.01    33.26    27.14  1 -1.25e-07      0.00 6.926e-01 2.942e-01 1.858e-03 1.261e-03 5.787e-03 -1.000 1.322e-02 -3.574 2.772 1.667 0.310 -1.452 -3.345 -5.426 -6.353 -6.670
0.013 -0.05655 9.69897 1.2484326363 2.5132644278    1.121  3.422  3.5030  0.030    8  0.529  0.428   158.95    83.05    52.59    41.78    34.11  0 -1.78e-07      0.00 6.926e-01 2.942e-01 1.858e-03 1.261e-03 5.787e-03 -1.000 1.322e-02 -3.785 2.790 2.053 0.814 -1.198 -3.237 -5.672 -6.611 -6.949
0.013 -0.05655 9.69897 1.2484335899 2.5132645476    1.119  3.465  3.4970 -0.038    8  0.529  0.428   182.83    93.83    59.09    47.03    38.41  0 -2.12e-07      0.00 6.926e-01 2.942e-01 1.858e-03 1.261e-03 5.787e-03 -1.000 1.322e-02 -3.891 2.800 2.253 1.065 -1.067 -3.164 -5.798 -6.742 -7.093
0.013 -0.05655 9.69897 1.2484347820 2.5132646974    1.116  3.483  3.4941 -0.068    8  0.530  0.428   194.20    99.11    62.26    49.59    40.51  0 -2.29e-07      0.00 6.926e-01 2.942e-01 1.858e-03 1.261e-03 5.787e-03 -1.000 1.322e-02 -3.936 2.807 2.344 1.176 -1.006 -3.126 -5.853 -6.799 -7.155
0.013 -0.05655 9.69897 1.2484359741 2.5132648472    1.113  3.491  3.4923 -0.085    8  0.530  0.428   198.93   102.05    64.02    51.02    41.68  0 -2.39e-07      0.00 6.926e-01 2.942e-01 1.858e-03 1.261e-03 5.787e-03 -1.000 1.322e-02 -3.958 2.815 2.403 1.247 -0.965 -3.097 -5.879 -6.827 -7.186
0.013 -0.05655 9.69897 1.2484359741 2.5132648472    1.113  3.304  3.5167  0.200    8  0.530  0.428   111.72    61.00    39.17    30.98    25.27  1 -1.12e-07      0.00 6.926e-01 2.942e-01 1.858e-03 1.261e-03 5.787e-03 -1.000 1.322e-02 -3.489 2.797 1.618 0.237 -1.468 -3.325 -5.333 -6.258 -6.570
0.013 -0.05655 9.69897 1.2484362125 2.5132648771    1.112  3.138  3.5382  0.451    8  0.530  0.428    66.40    38.74    25.39    19.95    16.25  2 -5.61e-08      0.00 6.926e-01 2.942e-01 1.858e-03 1.261e-03 5.787e-03 -1.000 1.322e-02 -3.076 2.750 1.029 -0.510 -1.817 -3.307 -4.846 -5.747 -6.017
0.013 -0.05655 9.69897 1.2484365702 2.5132649221    1.112  2.956  3.5619  0.728    8  0.530  0.428    37.38    23.46    15.72    12.27     9.98  2 -2.56e-08      0.00 6.926e-01 2.942e-01 1.858e-03 1.261e-03 5.787e-03 -1.000 1.322e-02 -2.620 2.671 0.710 -0.903 -1.960 -3.044 -4.317 -5.174 -5.404
0.013 -0.05655 9.69897 1.2484369278 2.5132649670    1.110  2.974  3.5595  0.700    8  0.530  0.428    39.60    24.68    16.50    12.88    10.48  2 -2.78e-08      0.00 6.926e-01 2.942e-01 1.858e-03 1.261e-03 5.787e-03 -1.000 1.322e-02 -2.664 2.684 0.730 -0.881 -1.956 -3.075 -4.369 -5.230 -5.465
0.013 -0.05655 9.69897 1.2484375238 2.5132650419    1.109  3.089  3.5443  0.523    8  0.531  0.428    57.08    33.95    22.37    17.55    14.29  2 -4.58e-08      0.00 6.926e-01 2.942e-01 1.858e-03 1.261e-03 5.787e-03 -1.000 1.322e-02 -2.952 2.738 0.925 -0.642 -1.869 -3.247 -4.702 -5.594 -5.853
0.013 -0.05655 9.69897 1.2484382391 2.5132651318    1.107  3.242  3.5240  0.288    8  0.531  0.428    92.96    51.94    33.59    26.51    21.62  2 -8.79e-08      0.00 6.926e-01 2.942e-01 1.858e-03 1.261e-03 5.787e-03 -1.000 1.322e-02 -3.336 2.792 1.390 -0.057 -1.604 -3.343 -5.155 -6.073 -6.369
0.013 -0.05655 9.69897 1.2484390736 2.5132652367    1.105  3.372  3.5068  0.089    8  0.531  0.428   140.28    74.36    47.31    37.54    30.64  0  -1.5e-07      0.00 6.926e-01 2.942e-01 1.858e-03 1.261e-03 5.787e-03 -1.000 1.322e-02 -3.659 2.826 1.974 0.701 -1.228 -3.222 -5.534 -6.470 -6.800
0.013 -0.05655 9.69897 1.2484400272 2.5132653565    1.102  3.454  3.4956 -0.040    8  0.532  0.428   183.08    93.78    59.04    47.02    38.39  0 -2.12e-07      0.00 6.926e-01 2.942e-01 1.858e-03 1.261e-03 5.787e-03 -1.000 1.322e-02 -3.866 2.837 2.329 1.153 -0.998 -3.104 -5.777 -6.723 -7.075
0.013 -0.05655 9.69897 1.2484412193 2.5132655063    1.099  3.496  3.4898 -0.107    8  0.532  0.428   204.51   105.74    66.21    52.82    43.15  0 -2.53e-07      0.00 6.926e-01 2.942e-01 1.858e-03 1.261e-03 5.787e-03 -1.000 1.322e-02 -3.971 2.842 2.504 1.364 -0.888 -3.038 -5.901 -6.851 -7.215
0.013 -0.05655 9.69897 1.2484424114 2.5132656561    1.095  3.514  3.4870 -0.137    8  0.532  0.428   213.82   111.57    69.69    55.65    45.46  0 -2.74e-07      0.00 6.926e-01 2.942e-01 1.858e-03 1.261e-03 5.787e-03 -1.000 1.322e-02 -4.016 2.844 2.554 1.404 -0.867 -3.025 -5.954 -6.906 -7.274
0.013 -0.05655 9.69897 1.2484438419 2.5132658358    1.091  3.523  3.4854 -0.153    8  0.533  0.428   218.87   114.79    71.60    57.21    46.73  0 -2.86e-07      0.00 6.926e-01 2.942e-01 1.858e-03 1.261e-03 5.787e-03 -1.000 1.322e-02 -4.037 2.849 2.586 1.430 -0.852 -3.013 -5.980 -6.932 -7.303
0.013 -0.05655 9.69897 1.2484439611 2.5132658508    1.091  3.344  3.5091  0.120    8  0.533  0.428   131.11    70.02    44.66    35.42    28.90  0 -1.39e-07      0.00 6.926e-01 2.942e-01 1.858e-03 1.261e-03 5.787e-03 -1.000 1.322e-02 -3.589 2.849 1.933 0.640 -1.243 -3.212 -5.457 -6.391 -6.717
0.013 -0.05655 9.69897 1.2484440804 2.5132658658    1.090  3.180  3.5307  0.371    8  0.533  0.428    77.99    44.52    28.98    22.83    18.61  2 -7.06e-08      0.00 6.926e-01 2.942e-01 1.858e-03 1.261e-03 5.787e-03 -1.000 1.322e-02 -3.179 2.803 1.230 -0.265 -1.685 -3.312 -4.975 -5.886 -6.169
0.013 -0.05655 9.69897 1.2484444380 2.5132659107    1.089  2.997  3.5548  0.649    8  0.533  0.428    43.80    26.92    17.93    14.02    11.41  2 -3.26e-08      0.00 6.926e-01 2.942e-01 1.858e-03 1.261e-03 5.787e-03 -1.000 1.322e-02 -2.723 2.730 0.812 -0.788 -1.906 -3.103 -4.442 -5.313 -5.555
0.013 -0.05655 9.69897 1.2484449148 2.5132659706    1.088  3.015  3.5523  0.621    8  0.533  0.428    46.43    28.33    18.82    14.73    11.99  2 -3.54e-08      0.00 6.926e-01 2.942e-01 1.858e-03 1.261e-03 5.787e-03 -1.000 1.322e-02 -2.768 2.741 0.841 -0.754 -1.894 -3.132 -4.493 -5.370 -5.616
0.013 -0.05655 9.69897 1.2484455109 2.5132660455    1.086  3.129  3.5371  0.446    8  0.534  0.428    66.73    38.85    25.44    20.01    16.30  2 -5.78e-08      0.00 6.926e-01 2.942e-01 1.858e-03 1.261e-03 5.787e-03 -1.000 1.322e-02 -3.052 2.791 1.094 -0.437 -1.759 -3.268 -4.825 -5.728 -5.999
0.013 -0.05655 9.69897 1.2484463453 2.5132661504    1.083  3.280  3.5169  0.213    8  0.534  0.428   108.12    59.15    38.01    30.08    24.53  1 -1.09e-07      0.00 6.926e-01 2.942e-01 1.858e-03 1.261e-03 5.787e-03 -1.000 1.322e-02 -3.429 2.844 1.662 0.282 -1.416 -3.270 -5.272 -6.197 -6.508
0.013 -0.05655 9.69897 1.2484472990 2.5132662702    1.080  3.406  3.4997  0.016    8  0.534  0.428   162.51    84.34    53.33    42.43    34.63  0 -1.84e-07      0.00 6.926e-01 2.942e-01 1.858e-03 1.261e-03 5.787e-03 -1.000 1.322e-02 -3.746 2.871 2.247 1.046 -1.030 -3.104 -5.643 -6.586 -6.930
0.013 -0.05655 9.69897 1.2484483719 2.5132664050    1.077  3.488  3.4885 -0.111    8  0.535  0.428   204.46   106.11    66.40    53.02    43.30  0 -2.58e-07      0.00 6.926e-01 2.942e-01 1.858e-03 1.261e-03 5.787e-03 -1.000 1.322e-02 -3.949 2.876 2.560 1.417 -0.841 -2.993 -5.883 -6.834 -7.199
0.013 -0.05655 9.69897 1.2484495640 2.5132665548    1.073  3.529  3.4826 -0.178    8  0.535  0.428   225.90   119.55    74.40    59.52    48.62  0 -3.07e-07      0.00 6.926e-01 2.942e-01 1.858e-03 1.261e-03 5.787e-03 -1.000 1.322e-02 -4.052 2.877 2.664 1.498 -0.801 -2.970 -6.004 -6.958 -7.333
0.013 -0.05655 9.69897 1.2484509945 2.5132667346    1.068  3.546  3.4799 -0.208    8  0.536  0.428   236.25   126.18    78.33    62.72    51.24  0 -3.33e-07      0.00 6.926e-01 2.942e-01 1.858e-03 1.261e-03 5.787e-03 -1.000 1.322e-02 -4.096 2.882 2.717 1.539 -0.778 -2.954 -6.056 -7.012 -7.392
0.013 -0.05655 9.69897 1.2484525442 2.5132669293    1.063  3.555  3.4783 -0.225    8  0.537  0.428   241.99   129.93    80.55    64.53    52.72  0 -3.49e-07      0.00 6.926e-01 2.942e-01 1.858e-03 1.261e-03 5.787e-03 -1.000 1.322e-02 -4.117 2.885 2.742 1.558 -0.768 -2.948 -6.082 -7.039 -7.421
0.013 -0.05655 9.69897 1.2484526634 2.5132669443    1.063  3.386  3.5011  0.035    8  0.537  0.428   155.97    81.23    51.43    40.92    33.40  0 -1.78e-07      0.00 6.926e-01 2.942e-01 1.858e-03 1.261e-03 5.787e-03 -1.000 1.322e-02 -3.695 2.892 2.225 1.012 -1.036 -3.094 -5.589 -6.530 -6.871
0.013 -0.05655 9.69897 1.2484527826 2.5132669593    1.062  3.224  3.5229  0.284    8  0.537  0.428    92.84    51.72    33.42    26.42    21.53  1 -9.17e-08      0.00 6.926e-01 2.942e-01 1.858e-03 1.261e-03 5.787e-03 -1.000 1.322e-02 -3.289 2.854 1.485 0.048 -1.518 -3.275 -5.112 -6.031 -6.329
0.013 -0.05655 9.69897 1.2484531403 2.5132670042    1.060  3.042  3.5474  0.563    8  0.537  0.428    51.95    31.21    20.63    16.18    13.18  2 -4.29e-08      0.00 6.926e-01 2.942e-01 1.858e-03 1.261e-03 5.787e-03 -1.000 1.322e-02 -2.834 2.784 0.933 -0.646 -1.837 -3.158 -4.574 -5.461 -5.714
0.013 -0.05655 9.69897 1.2484537363 2.5132670791    1.058  3.059  3.5449  0.535    8  0.537  0.428    55.12    32.86    21.67    17.01    13.85  2 -4.66e-08      0.00 6.926e-01 2.942e-01 1.858e-03 1.261e-03 5.787e-03 -1.000 1.322e-02 -2.879 2.795 0.977 -0.591 -1.812 -3.179 -4.627 -5.518 -5.775
0.013 -0.05655 9.69897 1.2484544516 2.5132671690    1.055  3.171  3.5296  0.361    8  0.537  0.428    79.00    44.93    29.21    23.04    18.78  2  -7.5e-08      0.00 6.926e-01 2.942e-01 1.858e-03 1.261e-03 5.787e-03 -1.000 1.322e-02 -3.157 2.846 1.299 -0.188 -1.626 -3.272 -4.956 -5.869 -6.153
0.013 -0.05655 9.69897 1.2484552860 2.5132672738    1.052  3.318  3.5093  0.131    8  0.538  0.428   127.34    68.02    43.40    34.46    28.11  0 -1.39e-07      0.00 6.926e-01 2.942e-01 1.858e-03 1.261e-03 5.787e-03 -1.000 1.322e-02 -3.525 2.902 1.982 0.689 -1.188 -3.154 -5.392 -6.326 -6.651
0.013 -0.05655 9.69897 1.2484562397 2.5132673937    1.047  3.441  3.4921 -0.063    8  0.538  0.428   188.05    96.56    60.64    48.40    39.51  0 -2.31e-07      0.00 6.926e-01 2.942e-01 1.858e-03 1.261e-03 5.787e-03 -1.000 1.322e-02 -3.834 2.920 2.518 1.370 -0.839 -2.971 -5.756 -6.705 -7.063
0.013 -0.05655 9.69897 1.2484574318 2.5132675434    1.043  3.521  3.4808 -0.189    8  0.539  0.428   227.59   121.19    75.33    60.34    49.28  0 -3.21e-07      0.00 6.926e-01 2.942e-01 1.858e-03 1.261e-03 5.787e-03 -1.000 1.322e-02 -4.032 2.922 2.742 1.570 -0.738 -2.911 -5.988 -6.945 -7.322
0.013 -0.05655 9.69897 1.2484588623 2.5132677232    1.037  3.561  3.4748 -0.256    8  0.540  0.428   251.36   136.45    84.35    67.70    55.30  0 -3.82e-07      0.00 6.926e-01 2.942e-01 1.858e-03 1.261e-03 5.787e-03 -1.000 1.322e-02 -4.132 2.918 2.825 1.628 -0.713 -2.903 -6.106 -7.064 -7.451
0.013 -0.05655 9.69897 1.2484604120 2.5132679179    1.031  3.578  3.4719 -0.287    8  0.540  0.428   263.03   144.11    88.86    71.39    58.32  0 -4.16e-07      0.00 6.926e-01 2.942e-01 1.858e-03 1.261e-03 5.787e-03 -1.000 1.322e-02 -4.174 2.919 2.867 1.657 -0.697 -2.895 -6.157 -7.116 -7.507
0.013 -0.05655 9.69897 1.2484620810 2.5132681276    1.024  3.586  3.4702 -0.305    8  0.541  0.428   269.66   148.57    91.47    73.53    60.08  0 -4.37e-07      0.00 6.926e-01 2.942e-01 1.858e-03 1.261e-03 5.787e-03 -1.000 1.322e-02 -4.194 2.924 2.895 1.678 -0.683 -2.886 -6.182 -7.142 -7.535
0.013 -0.05655 9.69897 1.2484622002 2.5132681426    1.023  3.429  3.4920 -0.061    8  0.541  0.428   185.84    95.63    60.05    47.96    39.15  0 -2.35e-07      0.00 6.926e-01 2.942e-01 1.858e-03 1.261e-03 5.787e-03 -1.000 1.322e-02 -3.803 2.950 2.550 1.403 -0.807 -2.939 -5.725 -6.674 -7.032
0.013 -0.05655 9.69897 1.2484623194 2.5132681576    1.022  3.268  3.5143  0.188    8  0.541  0.428   112.55    60.94    39.05    30.99    25.26  1 -1.24e-07      0.00 6.926e-01 2.942e-01 1.858e-03 1.261e-03 5.787e-03 -1.000 1.322e-02 -3.401 2.922 1.834 0.486 -1.275 -3.169 -5.252 -6.181 -6.497
0.013 -0.05655 9.69897 1.2484627962 2.5132682175    1.019  3.087  3.5394  0.469    8  0.541  0.428    62.64    36.65    24.03    18.92    15.41  2 -5.86e-08      0.00 6.926e-01 2.942e-01 1.858e-03 1.261e-03 5.787e-03 -1.000 1.322e-02 -2.948 2.849 1.106 -0.440 -1.728 -3.194 -4.713 -5.613 -5.880
0.013 -0.05655 9.69897 1.2484632730 2.5132682774    1.016  3.105  3.5367  0.439    8  0.542  0.428    66.60    38.64    25.27    19.92    16.22  2 -6.37e-08      0.00 6.926e-01 2.942e-01 1.858e-03 1.261e-03 5.787e-03 -1.000 1.322e-02 -2.992 2.862 1.171 -0.358 -1.687 -3.203 -4.766 -5.670 -5.942
0.013 -0.05655 9.69897 1.2484639883 2.5132683673    1.011  3.213  3.5212  0.267    8  0.542  0.428    95.27    52.69    33.98    26.91    21.93  1 -1.01e-07      0.00 6.926e-01 2.942e-01 1.858e-03 1.261e-03 5.787e-03 -1.000 1.322e-02 -3.262 2.915 1.593 0.170 -1.429 -3.214 -5.091 -6.012 -6.313
0.013 -0.05655 9.69897 1.2484648228 2.5132684721    1.006  3.356  3.5007  0.040    8  0.543  0.428   152.93    79.37    50.25    40.05    32.67  0 -1.84e-07      0.00 6.926e-01 2.942e-01 1.858e-03 1.261e-03 5.787e-03 -1.000 1.322e-02 -3.619 2.967 2.313 1.106 -0.948 -3.010 -5.514 -6.456 -6.797
0.013 -0.05655 9.69897 1.2484658957 2.5132686069    0.999  3.476  3.4832 -0.153    8  0.543  0.428   212.05   112.24    69.94    56.04    45.75  0 -3.03e-07      0.00 6.926e-01 2.942e-01 1.858e-03 1.261e-03 5.787e-03 -1.000 1.322e-02 -3.919 2.983 2.761 1.602 -0.688 -2.853 -5.868 -6.823 -7.196
0.013 -0.05655 9.69897 1.2484672070 2.5132687717    0.991  3.552  3.4717 -0.279    8  0.544  0.428   256.39   140.64    86.74    69.76    56.97  0 -4.18e-07      0.00 6.926e-01 2.942e-01 1.858e-03 1.261e-03 5.787e-03 -1.000 1.322e-02 -4.110 2.978 2.928 1.720 -0.633 -2.830 -6.093 -7.053 -7.443
0.013 -0.05655 9.69897 1.2484685183 2.5132689365    0.983  3.590  3.4655 -0.346    8  0.545  0.428   283.25   158.44    97.18    78.31    63.97  0 -4.98e-07      0.01 6.926e-01 2.942e-01 1.858e-03 1.261e-03 5.787e-03 -1.000 1.322e-02 -4.206 2.979 3.005 1.771 -0.612 -2.829 -6.206 -7.168 -7.567
0.013 -0.05655 9.69897 1.2484700680 2.5132691312    0.973  3.607  3.4624 -0.379    8  0.545  0.428   296.71   167.66   102.55    82.74    67.59  0 -5.46e-07      0.01 6.926e-01 2.942e-01 1.858e-03 1.261e-03 5.787e-03 -1.000 1.322e-02 -4.247 2.996 3.055 1.807 -0.592 -2.820 -6.255 -7.218 -7.622
0.013 -0.05655 9.69897 1.2484718561 2.5132693559    0.962  3.614  3.4606 -0.399    8  0.546  0.428   304.61   173.27   105.79    85.43    69.79  0 -6.15e-07      0.01 6.926e-01 2.942e-01 1.858e-03 1.261e-03 5.787e-03 -1.000 1.322e-02 -4.266 3.018 3.096 1.837 -0.573 -2.808 -6.278 -7.242 -7.650
0.013 -0.05655 9.69897 1.2484719753 2.5132693709    0.961  3.471  3.4814 -0.173    8  0.546  0.428   215.50   115.20    71.64    57.51    46.93  0 -3.33e-07      0.00 6.926e-01 2.942e-01 1.858e-03 1.261e-03 5.787e-03 -1.000 1.322e-02 -3.908 3.028 2.838 1.671 -0.632 -2.802 -5.862 -6.819 -7.195
0.013 -0.05655 9.69897 1.2484720945 2.5132693858    0.959  3.313  3.5042  0.076    8  0.547  0.428   140.72    73.46    46.62    37.18    30.31  0 -1.79e-07      0.00 6.926e-01 2.942e-01 1.858e-03 1.261e-03 5.787e-03 -1.000 1.322e-02 -3.512 3.010 2.243 1.000 -0.980 -3.003 -5.396 -6.334 -6.669
0.013 -0.05655 9.69897 1.2484725714 2.5132694457    0.954  3.132  3.5302  0.359    8  0.547  0.428    77.75    43.98    28.56    22.61    18.41  1 -8.65e-08      0.00 6.926e-01 2.942e-01 1.858e-03 1.261e-03 5.787e-03 -1.000 1.322e-02 -3.060 2.938 1.371 -0.122 -1.550 -3.186 -4.857 -5.769 -6.053
0.013 -0.05655 9.69897 1.2484730482 2.5132695057    0.948  3.149  3.5273  0.327    8  0.547  0.428    83.03    46.53    30.13    23.88    19.44  1 -9.47e-08      0.00 6.926e-01 2.942e-01 1.858e-03 1.261e-03 5.787e-03 -1.000 1.322e-02 -3.103 2.955 1.466 -0.005 -1.489 -3.174 -4.911 -5.826 -6.115
0.013 -0.05655 9.69897 1.2484737635 2.5132695955    0.940  3.255  3.5112  0.153    8  0.548  0.428   119.16    63.50    40.54    32.29    26.31  0 -1.49e-07      0.00 6.926e-01 2.942e-01 1.858e-03 1.261e-03 5.787e-03 -1.000 1.322e-02 -3.367 3.022 2.041 0.727 -1.107 -3.048 -5.227 -6.160 -6.482
0.013 -0.05655 9.69897 1.2484745979 2.5132697004    0.931  3.393  3.4899 -0.074    8  0.548  0.428   183.09    95.60    59.91    48.02    39.16  0 -2.68e-07      0.00 6.926e-01 2.942e-01 1.858e-03 1.261e-03 5.787e-03 -1.000 1.322e-02 -3.712 3.072 2.732 1.599 -0.643 -2.790 -5.641 -6.592 -6.953
0.013 -0.05655 9.69897 1.2484756708 2.5132698352    0.919  3.509  3.4717 -0.269    8  0.549  0.428   245.47   135.38    83.49    67.30    54.93  0 -4.36e-07      0.01 6.926e-01 2.942e-01 1.858e-03 1.261e-03 5.787e-03 -1.000 1.322e-02 -4.002 3.079 3.030 1.824 -0.527 -2.724 -5.984 -6.944 -7.334
0.013 -0.05655 9.69897 1.2484768629 2.5132699850    0.906  3.582  3.4594 -0.398    8  0.549  0.428   297.63   170.30   103.92    84.09    68.66  0 -6.05e-07      0.01 6.926e-01 2.942e-01 1.858e-03 1.261e-03 5.787e-03 -1.000 1.322e-02 -4.186 3.101 3.193 1.936 -0.477 -2.715 -6.201 -7.165 -7.574
0.013 -0.05655 9.69897 1.2484782934 2.5132701647    0.891  3.620  3.4526 -0.469    8  0.550  0.428   315.07    -1.00    -1.00    -1.00    -1.00  0 -8.51e-07      0.02 6.926e-01 2.942e-01 1.858e-03 1.261e-03 5.787e-03 -1.000 1.322e-02 -4.279 3.141 3.291 2.026 -0.438 -2.712 -6.307 -7.272 -7.692
0.013 -0.05655 9.69897 1.2484798431 2.5132703594    0.875  3.635  3.4492 -0.507    8  0.551  0.428   304.69    -1.00    -1.00    -1.00    -1.00  0 -1.07e-06      0.03 6.926e-01 2.942e-01 1.858e-03 1.261e-03 5.787e-03 -1.000 1.322e-02 -4.318 3.197 3.367 2.094 -0.403 -2.697 -6.349 -7.316 -7.744
0.013 -0.05655 9.69897 1.2484815121 2.5132705691    0.857  3.643  3.4472 -0.531    8  0.552  0.428   293.54    -1.00    -1.00    -1.00    -1.00  0 -1.24e-06      0.03 6.926e-01 2.942e-01 1.858e-03 1.261e-03 5.787e-03 -1.000 1.322e-02 -4.337 3.254 3.424 2.145 -0.375 -2.684 -6.367 -7.336 -7.770
0.013 -0.05655 9.69897 1.2484816313 2.5132705841    0.855  3.513  3.4676 -0.321    8  0.552  0.428   259.17   146.07    89.63    72.52    59.17  0 -5.49e-07      0.01 6.926e-01 2.942e-01 1.858e-03 1.261e-03 5.787e-03 -1.000 1.322e-02 -4.013 3.148 3.146 1.919 -0.455 -2.665 -6.006 -6.967 -7.365
0.013 -0.05655 9.69897 1.2484817505 2.5132705991    0.851  3.357  3.4922 -0.068    8  0.552  0.428   175.52    92.43    57.89    46.53    37.92  0 -3.04e-07      0.00 6.926e-01 2.942e-01 1.858e-03 1.261e-03 5.787e-03 -1.000 1.322e-02 -3.623 3.143 2.734 1.581 -0.629 -2.761 -5.544 -6.493 -6.852
0.013 -0.05655 9.69897 1.2484821081 2.5132706440    0.844  3.177  3.5210  0.223    8  0.552  0.428   100.99    54.44    34.91    27.85    22.67  0 -1.52e-07      0.00 6.926e-01 2.942e-01 1.858e-03 1.261e-03 5.787e-03 -1.000 1.322e-02 -3.173 3.048 1.716 0.282 -1.328 -3.120 -5.002 -5.922 -6.226
0.013 -0.05655 9.69897 1.2484827042 2.5132707189    0.833  3.194  3.5185  0.191    8  0.553  0.428   107.93    57.55    36.81    29.40    23.93  0  -1.7e-07      0.00 6.926e-01 2.942e-01 1.858e-03 1.261e-03 5.787e-03 -1.000 1.322e-02 -3.215 3.063 1.809 0.398 -1.268 -3.101 -5.053 -5.976 -6.285
0.013 -0.05655 9.69897 1.2484834194 2.5132708088    0.820  3.296  3.5022  0.016    8  0.553  0.428   151.97    78.55    49.52    39.76    32.38  0 -2.69e-07      0.00 6.926e-01 2.942e-01 1.858e-03 1.261e-03 5.787e-03 -1.000 1.322e-02 -3.470 3.133 2.420 1.186 -0.846 -2.895 -5.360 -6.299 -6.641
0.013 -0.05655 9.69897 1.2484842539 2.5132709136    0.803  3.429  3.4805 -0.212    8  0.554  0.428   214.52   118.17    73.11    59.10    48.17  0 -4.84e-07      0.01 6.926e-01 2.942e-01 1.858e-03 1.261e-03 5.787e-03 -1.000 1.322e-02 -3.804 3.195 3.012 1.829 -0.491 -2.666 -5.759 -6.716 -7.097
0.013 -0.05655 9.69897 1.2484852076 2.5132710334    0.784  3.541  3.4623 -0.407    8  0.554  0.428   250.00    -1.00    -1.00    -1.00    -1.00  0    -8e-07      0.02 6.926e-01 2.942e-01 1.858e-03 1.261e-03 5.787e-03 -1.000 1.322e-02 -4.082 3.243 3.286 2.017 -0.398 -2.633 -6.085 -7.051 -7.461
0.013 -0.05655 9.69897 1.2484863997 2.5132711832    0.762  3.612  3.4511 -0.535    8  0.555  0.428   237.62    -1.00    -1.00    -1.00    -1.00  0 -1.29e-06      0.04 6.926e-01 2.942e-01 1.858e-03 1.261e-03 5.787e-03 -1.000 1.322e-02 -4.259 3.344 3.468 2.162 -0.341 -2.634 -6.279 -7.250 -7.684
0.013 -0.05655 9.69897 1.2484877110 2.5132713480    0.738  3.647  3.4466 -0.603    8  0.556  0.428   224.22    -1.00    -1.00    -1.00    -1.00  0 -2.06e-06      0.08 6.926e-01 2.942e-01 1.858e-03 1.261e-03 5.787e-03 -1.000 1.322e-02 -4.348 3.556 3.644 2.293 -0.286 -2.617 -6.350 -7.335 -7.790
0.013 -0.05655 9.69897 1.2484892607 2.5132715427    0.712  3.662  3.4468 -0.632    8  0.557  0.428   210.04    -1.00    -1.00    -1.00    -1.00  0 -2.66e-06      0.12 6.926e-01 2.942e-01 1.858e-03 1.261e-03 5.787e-03 -1.000 1.322e-02 -4.385 3.746 3.755 2.350 -0.265 -2.608 -6.362 -7.359 -7.831
0.013 -0.05655 9.69897 1.2484909296 2.5132717524    0.684  3.669  3.4498 -0.645    8  0.558  0.428   195.31    -1.00    -1.00    -1.00    -1.00  0 -3.18e-06      0.29 6.926e-01 2.942e-01 1.858e-03 1.261e-03 5.787e-03 -1.000 1.322e-02 -4.403 4.665 4.315 2.702 -0.045 -2.428 -6.248 -7.304 -7.840
0.013 -0.05655 9.69897 1.2484964132 2.5132724414    0.560 -9.999  4.0000  1.665    9  0.560  0.000     0.00     0.00     0.00     0.00     0.00 -1    -1e-30      0.00 6.926e-01 2.942e-01 1.858e-03 1.261e-03 5.787e-03 -1.000 1.322e-02 29.767 29.725 29.988 30.036 30.024 30.021 30.069 30.067 30.084
#isochrone terminated
