# File generated by CMD 3.9 (http://stev.oapd.inaf.it/cmd) on Tue May 12 07:17:58 UTC 2026
# isochrones based on PARSEC release v1.2S +  COLIBRI S_37 + S_35 + PR16
# Basic references: Bressan et al. (2012), MNRAS, 427, 127 + Chen et al. (2014, 2015), MNRAS, 444, 2525 + MNRAS, 452, 1068 + Tang et al. (2014), MNRAS, 445, 4287 + Marigo et al. (2017), ApJ, 835, 77 + Pastorelli al. (2019), MNRAS, 485, 5666 + Pastorelli al. (2020), MNRAS, in press
# Thermal pulse cycles included 
# On RGB, assumed Reimers mass loss with efficiency eta=0.2
# LPV periods and growth rates added cf. Trabucchi et al. (2019)
# but fundamental-mode LPV periods + transition are from Trabucchi et al. (2021)
# Photometric system: <i>UBVRIJHK</i> (cf. Maiz-Apellaniz 2006 + Bessell 1990)
# Using YBC version of bolometric corrections as in Chen et al. (2019)
# O-rich circumstellar dpmod60alox40 dust from Groenewegen (2006)
# C-rich circumstellar AMCSIC15 dust from Groenewegen (2006)
# IMF: Kroupa (2001, 2002) + Kroupa et al. (2013) canonical two-part-power law IMF corrected for unresolved binaries 
# Kind of output: isochrone tables
# Zini     MH   logAge Mini        int_IMF         Mass   logL    logTe  logg  label   McoreTP C_O  period0  period1  period2  period3  period4  pmode  Mloss  tau1m   X   Y   Xc  Xn  Xo  Cexcess  Z 	 mbolmag  Umag    Bmag    Vmag    Rmag    Imag    Jmag    Hmag    Kmag
0.013 -0.05655 9.77815 0.0900000036 1.0816895926    0.090 -3.413  3.3677  5.228    1  0.000  0.545     0.00     0.00     0.00     0.00     0.00 -1 -3.95e-17      0.00 7.145e-01 2.724e-01 2.359e-03 6.364e-04 5.772e-03 -1.000 1.312e-02 13.301 22.689 19.987 18.128 15.943 13.680 11.210 10.596 10.318
0.013 -0.05655 9.77815 0.1000000015 1.1711064122    0.100 -3.225  3.3947  5.194    1  0.000  0.545     0.00     0.00     0.00     0.00     0.00 -1 -5.99e-17      0.00 7.143e-01 2.726e-01 2.359e-03 6.364e-04 5.772e-03 -1.000 1.312e-02 12.833 22.156 19.490 17.641 15.468 13.211 10.743 10.130 9.847
0.013 -0.05655 9.77815 0.1133452430 1.2738052808    0.113 -3.040  3.4191  5.161    1  0.000  0.545     0.00     0.00     0.00     0.00     0.00 -1 -8.94e-17      0.00 7.138e-01 2.730e-01 2.359e-03 6.364e-04 5.772e-03 -1.000 1.312e-02 12.371 21.513 18.920 17.087 14.953 12.721 10.288 9.675 9.387
0.013 -0.05655 9.77815 0.1200000048 1.3193154741    0.120 -2.956  3.4302  5.146    1  0.000  0.545     0.00     0.00     0.00     0.00     0.00 -1 -1.07e-16      0.00 7.137e-01 2.732e-01 2.359e-03 6.364e-04 5.772e-03 -1.000 1.312e-02 12.161 20.658 18.275 16.484 14.494 12.360 10.105 9.490 9.197
0.013 -0.05655 9.77815 0.1400000006 1.4384526719    0.140 -2.775  3.4494  5.109    1  0.000  0.545     0.00     0.00     0.00     0.00     0.00 -1 -1.57e-16      0.00 7.132e-01 2.737e-01 2.359e-03 6.364e-04 5.772e-03 -1.000 1.312e-02 11.708 19.241 17.139 15.431 13.658 11.683 9.698 9.079 8.786
0.013 -0.05655 9.77815 0.1526804119 1.5030815928    0.153 -2.683  3.4582  5.090    1  0.000  0.545     0.00     0.00     0.00     0.00     0.00 -1  -1.9e-16      0.00 7.129e-01 2.739e-01 2.359e-03 6.364e-04 5.772e-03 -1.000 1.312e-02 11.479 18.584 16.607 14.925 13.251 11.361 9.491 8.871 8.579
0.013 -0.05655 9.77815 0.1599999964 1.5372931554    0.160 -2.634  3.4630  5.080    1  0.000  0.545     0.00     0.00     0.00     0.00     0.00 -1 -2.11e-16      0.00 7.128e-01 2.741e-01 2.359e-03 6.364e-04 5.772e-03 -1.000 1.312e-02 11.354 18.245 16.329 14.662 13.038 11.192 9.379 8.758 8.467
0.013 -0.05655 9.77815 0.2000000030 1.6938790862    0.200 -2.416  3.4817  5.034    1  0.000  0.545     0.00     0.00     0.00     0.00     0.00 -1 -3.28e-16      0.00 7.120e-01 2.749e-01 2.359e-03 6.364e-04 5.772e-03 -1.000 1.312e-02 10.810 16.929 15.221 13.610 12.165 10.493 8.881 8.258 7.976
0.013 -0.05655 9.77815 0.2500000000 1.8403257998    0.250 -2.209  3.4976  4.988    1  0.000  0.545     0.00     0.00     0.00     0.00     0.00 -1 -4.98e-16      0.00 7.113e-01 2.755e-01 2.359e-03 6.364e-04 5.772e-03 -1.000 1.312e-02 10.293 15.858 14.290 12.716 11.397 9.874 8.403 7.779 7.507
0.013 -0.05655 9.77815 0.3000000119 1.9529139769    0.300 -2.047  3.5080  4.946    1  0.000  0.545     0.00     0.00     0.00     0.00     0.00 -1 -3.17e-16      0.00 7.111e-01 2.758e-01 2.359e-03 6.364e-04 5.772e-03 -1.000 1.312e-02 9.888 15.142 13.649 12.108 10.858 9.416 8.023 7.396 7.132
0.013 -0.05655 9.77815 0.3422524333 2.0305335750    0.342 -1.917  3.5154  4.902    1  0.000  0.545     0.00     0.00     0.00     0.00     0.00 -1 -8.95e-16      0.00 7.146e-01 2.723e-01 2.359e-03 6.364e-04 5.772e-03 -1.000 1.312e-02 9.561 14.615 13.170 11.652 10.445 9.058 7.713 7.083 6.825
0.013 -0.05655 9.77815 0.3500000238 2.0434175133    0.350 -1.894  3.5166  4.894    1  0.000  0.545     0.00     0.00     0.00     0.00     0.00 -1 -9.68e-16      0.00 7.150e-01 2.719e-01 2.359e-03 6.364e-04 5.772e-03 -1.000 1.312e-02 9.505 14.527 13.088 11.575 10.375 8.996 7.660 7.029 6.772
0.013 -0.05655 9.77815 0.4000000358 2.1185024810    0.400 -1.749  3.5276  4.851    1  0.000  0.545     0.00     0.00     0.00     0.00     0.00 -1 -1.33e-15      0.00 7.151e-01 2.718e-01 2.359e-03 6.364e-04 5.772e-03 -1.000 1.312e-02 9.143 13.919 12.525 11.039 9.893 8.594 7.325 6.688 6.440
0.013 -0.05655 9.77815 0.4500000179 2.1822809362    0.450 -1.597  3.5400  4.801    1  0.000  0.545     0.00     0.00     0.00     0.00     0.00 -1 -1.88e-15      0.00 7.152e-01 2.717e-01 2.359e-03 6.364e-04 5.772e-03 -1.000 1.312e-02 8.764 13.307 11.943 10.487 9.394 8.178 6.977 6.332 6.093
0.013 -0.05655 9.77815 0.5000000000 2.2374541529    0.500 -1.437  3.5558  4.750    1  0.000  0.545     0.00     0.00     0.00     0.00     0.00 -1 -2.74e-15      0.00 7.152e-01 2.717e-01 2.359e-03 6.364e-04 5.772e-03 -1.000 1.312e-02 8.364 12.676 11.323 9.893 8.853 7.741 6.618 5.963 5.735
0.013 -0.05655 9.77815 0.5500000119 2.2836582633    0.550 -1.264  3.5761  4.699    1  0.000  0.545     0.00     0.00     0.00     0.00     0.00 -1 -4.12e-15      0.00 7.294e-01 2.581e-01 2.249e-03 6.069e-04 5.505e-03 -1.000 1.250e-02 7.931 11.993 10.633 9.228 8.245 7.272 6.241 5.571 5.363
0.013 -0.05655 9.77815 0.5889405012 2.3134633440    0.589 -1.130  3.5956  4.672    1  0.000  0.545     0.00     0.00     0.00     0.00     0.00 -1  -5.6e-15      0.00 7.311e-01 2.565e-01 2.237e-03 6.036e-04 5.476e-03 -1.000 1.244e-02 7.595 11.445 10.071 8.701 7.765 6.913 5.955 5.270 5.090
0.013 -0.05655 9.77815 0.6000000238 2.3211213258    0.600 -1.093  3.6009  4.665    1  0.000  0.545     0.00     0.00     0.00     0.00     0.00 -1 -6.08e-15      0.00 7.315e-01 2.561e-01 2.234e-03 6.028e-04 5.468e-03 -1.000 1.242e-02 7.504 11.301 9.921 8.564 7.639 6.818 5.876 5.187 5.016
0.013 -0.05655 9.77815 0.6499999762 2.3520353107    0.650 -0.921  3.6306  4.646    1  0.000  0.545     0.00     0.00     0.00     0.00     0.00 -1 -8.88e-15      0.00 7.335e-01 2.541e-01 2.219e-03 5.990e-04 5.435e-03 -1.000 1.237e-02 7.072 10.538 9.137 7.882 7.034 6.364 5.512 4.829 4.705
0.013 -0.05655 9.77815 0.7000000477 2.3779267258    0.700 -0.755  3.6604  4.632    1  0.000  0.544     0.00     0.00     0.00     0.00     0.00 -1 -1.27e-14      0.00 7.354e-01 2.523e-01 2.205e-03 5.953e-04 5.401e-03 -1.000 1.222e-02 6.658 9.535 8.318 7.211 6.469 5.933 5.180 4.555 4.464
0.013 -0.05655 9.77815 0.7058587074 2.3806856555    0.706 -0.736  3.6638  4.630    1  0.000  0.543     0.00     0.00     0.00     0.00     0.00 -1 -1.33e-14      0.00 7.357e-01 2.521e-01 2.200e-03 5.947e-04 5.397e-03 -1.000 1.222e-02 6.611 9.410 8.228 7.137 6.409 5.884 5.143 4.528 4.439
0.013 -0.05655 9.77815 0.7326089740 2.3926405734    0.733 -0.651  3.6789  4.621    1  0.000  0.540     0.00     0.00     0.00     0.00     0.00 -1  -1.6e-14      0.00 7.369e-01 2.509e-01 2.176e-03 5.919e-04 5.377e-03 -1.000 1.221e-02 6.397 8.842 7.826 6.811 6.145 5.662 4.976 4.412 4.331
0.013 -0.05655 9.77815 0.7500000000 2.3998889087    0.750 -0.596  3.6885  4.615    1  0.000  0.537     0.00     0.00     0.00     0.00     0.00 -1 -1.81e-14      0.00 7.376e-01 2.502e-01 2.160e-03 5.903e-04 5.365e-03 -1.000 1.217e-02 6.261 8.511 7.587 6.614 5.984 5.523 4.869 4.334 4.258
0.013 -0.05655 9.77815 0.7623246908 2.4047960395    0.762 -0.559  3.6941  4.607    1  0.000  0.537     0.00     0.00     0.00     0.00     0.00 -1 -1.97e-14      0.00 7.384e-01 2.495e-01 2.155e-03 5.889e-04 5.352e-03 -1.000 1.215e-02 6.168 8.300 7.436 6.488 5.879 5.430 4.795 4.276 4.204
0.013 -0.05655 9.77815 0.7942847013 2.4167091202    0.794 -0.464  3.7083  4.587    1  0.000  0.537     0.00     0.00     0.00     0.00     0.00 -1 -2.46e-14      0.00 7.403e-01 2.477e-01 2.141e-03 5.852e-04 5.319e-03 -1.000 1.209e-02 5.930 7.778 7.062 6.175 5.615 5.194 4.607 4.131 4.064
0.013 -0.05655 9.77815 0.7995212078 2.4185568769    0.799 -0.448  3.7106  4.583    1  0.000  0.537     0.00     0.00     0.00     0.00     0.00 -1 -2.55e-14      0.00 7.406e-01 2.474e-01 2.139e-03 5.846e-04 5.313e-03 -1.000 1.207e-02 5.891 7.696 7.004 6.125 5.573 5.156 4.576 4.107 4.041
0.013 -0.05655 9.77815 0.8207108378 2.4257578047    0.820 -0.386  3.7194  4.568    1  0.000  0.537     0.00     0.00     0.00     0.00     0.00 -1 -2.96e-14      0.00 7.421e-01 2.459e-01 2.128e-03 5.817e-04 5.287e-03 -1.000 1.200e-02 5.735 7.374 6.772 5.929 5.406 5.005 4.453 4.008 3.946
0.013 -0.05655 9.77815 0.8448819518 2.4334668887    0.844 -0.315  3.7292  4.548    1  0.000  0.537     0.00     0.00     0.00     0.00     0.00 -1 -3.51e-14      0.00 7.438e-01 2.442e-01 2.116e-03 5.784e-04 5.257e-03 -1.000 1.196e-02 5.558 7.030 6.523 5.716 5.220 4.834 4.313 3.894 3.835
0.013 -0.05655 9.77815 0.8490424156 2.4347429970    0.848 -0.303  3.7308  4.545    1  0.000  0.537     0.00     0.00     0.00     0.00     0.00 -1 -3.61e-14      0.00 7.441e-01 2.439e-01 2.114e-03 5.778e-04 5.252e-03 -1.000 1.195e-02 5.528 6.973 6.481 5.680 5.189 4.806 4.289 3.874 3.816
0.013 -0.05655 9.77815 0.8491517901 2.4347763507    0.849 -0.303  3.7308  4.545    1  0.000  0.537     0.00     0.00     0.00     0.00     0.00 -1 -3.62e-14      0.00 7.441e-01 2.439e-01 2.114e-03 5.778e-04 5.252e-03 -1.000 1.195e-02 5.527 6.971 6.480 5.679 5.188 4.805 4.289 3.874 3.816
0.013 -0.05655 9.77815 0.8731225729 2.4418550260    0.872 -0.233  3.7396  4.522    1  0.000  0.536     0.00     0.00     0.00     0.00     0.00 -1  -4.3e-14      0.00 7.463e-01 2.418e-01 2.098e-03 5.736e-04 5.215e-03 -1.000 1.186e-02 5.353 6.650 6.239 5.474 5.008 4.640 4.151 3.758 3.704
0.013 -0.05655 9.77815 0.8953252435 2.4480242190    0.894 -0.169  3.7474  4.500    1  0.000  0.536     0.00     0.00     0.00     0.00     0.00 -1 -5.04e-14      0.00 7.484e-01 2.398e-01 2.083e-03 5.696e-04 5.180e-03 -1.000 1.179e-02 5.192 6.351 6.022 5.290 4.848 4.492 4.025 3.651 3.601
0.013 -0.05655 9.77815 0.8985635638 2.4488947628    0.898 -0.160  3.7486  4.497    1  0.000  0.536     0.00     0.00     0.00     0.00     0.00 -1 -5.16e-14      0.00 7.487e-01 2.395e-01 2.081e-03 5.690e-04 5.174e-03 -1.000 1.177e-02 5.169 6.308 5.991 5.264 4.824 4.471 4.007 3.635 3.586
0.013 -0.05655 9.77815 0.9121136665 2.4524604043    0.911 -0.120  3.7529  4.481    1  0.000  0.536     0.00     0.00     0.00     0.00     0.00 -1 -5.72e-14      0.00 7.503e-01 2.380e-01 2.070e-03 5.660e-04 5.147e-03 -1.000 1.170e-02 5.070 6.140 5.864 5.154 4.726 4.379 3.927 3.565 3.518
0.013 -0.05655 9.77815 0.9265882373 2.4561371400    0.926 -0.078  3.7574  4.464    1  0.000  0.536     0.00     0.00     0.00     0.00     0.00 -1 -6.39e-14      0.00 7.521e-01 2.363e-01 2.057e-03 5.626e-04 5.117e-03 -1.000 1.163e-02 4.964 5.966 5.730 5.038 4.622 4.281 3.841 3.490 3.444
0.013 -0.05655 9.77815 0.9404135346 2.4595276922    0.940 -0.037  3.7615  4.446    1  0.000  0.536     0.00     0.00     0.00     0.00     0.00 -1 -7.11e-14      0.00 7.538e-01 2.346e-01 2.045e-03 5.593e-04 5.087e-03 -1.000 1.158e-02 4.863 5.805 5.603 4.928 4.522 4.188 3.759 3.417 3.373
0.013 -0.05655 9.77815 0.9480847716 2.4613600277    0.947 -0.015  3.7637  4.436    1  0.000  0.536     0.00     0.00     0.00     0.00     0.00 -1 -7.54e-14      0.00 7.548e-01 2.337e-01 2.037e-03 5.574e-04 5.070e-03 -1.000 1.154e-02 4.806 5.718 5.533 4.867 4.467 4.137 3.714 3.376 3.333
0.013 -0.05655 9.77815 0.9502615333 2.4618737718    0.949 -0.008  3.7643  4.433    1  0.000  0.536     0.00     0.00     0.00     0.00     0.00 -1 -7.67e-14      0.00 7.551e-01 2.334e-01 2.035e-03 5.567e-04 5.064e-03 -1.000 1.153e-02 4.790 5.693 5.513 4.850 4.452 4.122 3.700 3.364 3.322
0.013 -0.05655 9.77815 0.9628281593 2.4647875054    0.962  0.029  3.7676  4.414    1  0.000  0.536     0.00     0.00     0.00     0.00     0.00 -1 -8.48e-14      0.00 7.572e-01 2.313e-01 2.020e-03 5.527e-04 5.027e-03 -1.000 1.144e-02 4.697 5.555 5.399 4.751 4.360 4.036 3.623 3.294 3.253
0.013 -0.05655 9.77815 0.9748107195 2.4674855046    0.974  0.065  3.7705  4.396    1  0.000  0.536     0.00     0.00     0.00     0.00     0.00 -1 -9.35e-14      0.00 7.593e-01 2.293e-01 2.005e-03 5.487e-04 4.991e-03 -1.000 1.140e-02 4.607 5.425 5.291 4.656 4.273 3.953 3.548 3.226 3.186
0.013 -0.05655 9.77815 0.9863336086 2.4700090266    0.986  0.100  3.7733  4.377    1  0.000  0.536     0.00     0.00     0.00     0.00     0.00 -1 -1.03e-13      0.00 7.614e-01 2.273e-01 1.991e-03 5.447e-04 4.956e-03 -1.000 1.128e-02 4.521 5.304 5.188 4.564 4.189 3.874 3.476 3.159 3.121
0.013 -0.05655 9.77815 0.9976059794 2.4724129260    0.997  0.134  3.7758  4.358    1  0.000  0.535     0.00     0.00     0.00     0.00     0.00 -1 -1.13e-13      0.00 7.635e-01 2.253e-01 1.976e-03 5.407e-04 4.920e-03 -1.000 1.120e-02 4.435 5.187 5.086 4.475 4.105 3.794 3.403 3.092 3.055
0.013 -0.05655 9.77815 1.0065647364 2.4742793384    1.006  0.161  3.7776  4.342    1  0.000  0.535     0.00     0.00     0.00     0.00     0.00 -1 -1.21e-13      0.00 7.657e-01 2.232e-01 1.960e-03 5.365e-04 4.883e-03 -1.000 1.112e-02 4.367 5.096 5.007 4.404 4.039 3.731 3.345 3.038 3.002
0.013 -0.05655 9.77815 1.0245418549 2.4779115956    1.024  0.215  3.7807  4.308    1  0.000  0.535     0.00     0.00     0.00     0.00     0.00 -1 -1.37e-13      0.00 7.701e-01 2.189e-01 1.929e-03 5.281e-04 4.807e-03 -1.000 1.098e-02 4.232 4.924 4.853 4.264 3.907 3.604 3.226 2.925 2.890
0.013 -0.05655 9.77815 1.0414553881 2.4811976253    1.040  0.264  3.7828  4.274    1  0.000  0.535     0.00     0.00     0.00     0.00     0.00 -1 -1.55e-13      0.00 7.742e-01 2.149e-01 1.900e-03 5.204e-04 4.738e-03 -1.000 1.082e-02 4.109 4.780 4.718 4.138 3.786 3.487 3.113 2.817 2.783
0.013 -0.05655 9.77815 1.0471271276 2.4822722586    1.046  0.282  3.7835  4.262    1  0.000  0.535     0.00     0.00     0.00     0.00     0.00 -1 -1.62e-13      0.00 7.754e-01 2.138e-01 1.892e-03 5.182e-04 4.719e-03 -1.000 1.077e-02 4.065 4.730 4.670 4.093 3.743 3.445 3.073 2.778 2.744
0.013 -0.05655 9.77815 1.0539722443 2.4835515168    1.053  0.303  3.7842  4.246    1  0.000  0.534     0.00     0.00     0.00     0.00     0.00 -1  -1.7e-13      0.00 7.769e-01 2.124e-01 1.882e-03 5.154e-04 4.694e-03 -1.000 1.070e-02 4.012 4.669 4.612 4.039 3.690 3.393 3.023 2.730 2.696
0.013 -0.05655 9.77815 1.0659343004 2.4857417664    1.065  0.343  3.7854  4.216    1  0.000  0.534     0.00     0.00     0.00     0.00     0.00 -1 -1.89e-13      0.00 7.780e-01 2.113e-01 1.874e-03 5.134e-04 4.676e-03 -1.000 1.064e-02 3.913 4.559 4.506 3.939 3.593 3.298 2.930 2.640 2.607
0.013 -0.05655 9.77815 1.0698124170 2.4864397689    1.068  0.356  3.7858  4.206    1  0.000  0.534     0.00     0.00     0.00     0.00     0.00 -1 -1.95e-13      0.00 7.783e-01 2.111e-01 1.873e-03 5.130e-04 4.672e-03 -1.000 1.062e-02 3.881 4.523 4.472 3.906 3.561 3.267 2.900 2.611 2.578
0.013 -0.05655 9.77815 1.0815495253 2.4885172409    1.080  0.396  3.7864  4.173    1  0.000  0.534     0.00     0.00     0.00     0.00     0.00 -1 -2.17e-13      0.00 7.785e-01 2.108e-01 1.872e-03 5.130e-04 4.672e-03 -1.000 1.063e-02 3.780 4.415 4.366 3.803 3.460 3.167 2.802 2.514 2.481
0.013 -0.05655 9.77815 1.0915281773 2.4902431149    1.090  0.432  3.7864  4.141    1  0.000  0.534     0.00     0.00     0.00     0.00     0.00 -1 -2.39e-13      0.00 7.785e-01 2.109e-01 1.874e-03 5.136e-04 4.679e-03 -1.000 1.063e-02 3.690 4.326 4.275 3.714 3.371 3.078 2.713 2.425 2.392
0.013 -0.05655 9.77815 1.0966484547 2.4911146919    1.095  0.451  3.7862  4.123    1  0.000  0.534     0.00     0.00     0.00     0.00     0.00 -1 -2.52e-13      0.00 7.781e-01 2.113e-01 1.878e-03 5.148e-04 4.690e-03 -1.000 1.065e-02 3.643 4.281 4.229 3.667 3.324 3.030 2.665 2.376 2.343
0.013 -0.05655 9.77815 1.0996468067 2.4916207422    1.098  0.462  3.7861  4.113    1  0.000  0.534     0.00     0.00     0.00     0.00     0.00 -1  -2.6e-13      0.00 7.773e-01 2.120e-01 1.886e-03 5.169e-04 4.709e-03 -1.000 1.070e-02 3.615 4.255 4.202 3.639 3.296 3.002 2.636 2.348 2.315
0.013 -0.05655 9.77815 1.1091206074 2.4931990369    1.108  0.498  3.7850  4.076    1  0.000  0.534     0.00     0.00     0.00     0.00     0.00 -1 -2.89e-13      0.00 7.746e-01 2.146e-01 1.911e-03 5.240e-04 4.773e-03 -1.000 1.088e-02 3.525 4.175 4.116 3.550 3.204 2.910 2.541 2.250 2.217
0.013 -0.05655 9.77815 1.1119304895 2.4936612083    1.110  0.509  3.7845  4.065    1  0.000  0.534     0.00     0.00     0.00     0.00     0.00 -1 -2.99e-13      0.00 7.739e-01 2.152e-01 1.918e-03 5.259e-04 4.789e-03 -1.000 1.093e-02 3.498 4.152 4.091 3.523 3.177 2.881 2.511 2.220 2.186
0.013 -0.05655 9.77815 1.1196881533 2.4949233565    1.118  0.540  3.7822  4.028    2  0.000  0.534     0.00     0.00     0.00     0.00     0.00 -1 -3.29e-13      0.00 7.704e-01 2.185e-01 1.947e-03 5.341e-04 4.863e-03 -1.000 1.109e-02 3.421 4.097 4.025 3.448 3.098 2.799 2.423 2.127 2.093
0.013 -0.05655 9.77815 1.1291495562 2.4964357343    1.127  0.576  3.7774  3.975    2  0.000  0.534     0.00     0.00     0.00     0.00     0.00 -1 -3.72e-13      0.00 7.630e-01 2.256e-01 2.002e-03 5.491e-04 4.997e-03 -1.000 1.140e-02 3.329 4.056 3.959 3.362 3.002 2.695 2.307 2.001 1.964
0.013 -0.05655 9.77815 1.1374623775 2.4977406639    1.136  0.602  3.7680  3.915    2  0.000  0.535     0.00     0.00     0.00     0.00     0.00 -1 -4.15e-13      0.00 7.508e-01 2.373e-01 2.088e-03 5.721e-04 5.201e-03 -1.000 1.186e-02 3.266 4.100 3.951 3.314 2.933 2.611 2.198 1.871 1.830
0.013 -0.05655 9.77815 1.1424342394 2.4985107079    1.141  0.604  3.7572  3.872    2  0.000  0.536     0.00     0.00     0.00     0.00     0.00 -1 -4.36e-13      0.00 7.409e-01 2.469e-01 2.155e-03 5.902e-04 5.362e-03 -1.000 1.220e-02 3.260 4.227 4.011 3.330 2.924 2.585 2.142 1.791 1.746
0.013 -0.05655 9.77815 1.1453549862 2.4989594912    1.143  0.595  3.7477  3.843    2  0.000  0.536     0.00     0.00     0.00     0.00     0.00 -1  -4.4e-13      0.00 7.343e-01 2.532e-01 2.199e-03 6.020e-04 5.467e-03 -1.000 1.242e-02 3.281 4.379 4.094 3.375 2.946 2.591 2.121 1.746 1.697
0.013 -0.05655 9.77815 1.1461695433 2.4990841818    1.144  0.590  3.7440  3.835    2  0.000  0.536     0.00     0.00     0.00     0.00     0.00 -1 -4.38e-13      0.00 7.326e-01 2.550e-01 2.210e-03 6.051e-04 5.495e-03 -1.000 1.248e-02 3.295 4.445 4.131 3.398 2.960 2.600 2.119 1.736 1.685
0.013 -0.05655 9.77815 1.1471611261 2.4992356964    1.145  0.583  3.7392  3.823    2  0.000  0.536     0.00     0.00     0.00     0.00     0.00 -1 -4.36e-13      0.00 7.303e-01 2.571e-01 2.225e-03 6.090e-04 5.530e-03 -1.000 1.255e-02 3.314 4.530 4.180 3.429 2.980 2.613 2.118 1.722 1.670
0.013 -0.05655 9.77815 1.1484351158 2.4994299214    1.147  0.572  3.7319  3.805    2  0.000  0.537     0.00     0.00     0.00     0.00     0.00 -1 -4.33e-13      0.00 7.280e-01 2.593e-01 2.240e-03 6.129e-04 5.565e-03 -1.000 1.267e-02 3.341 4.663 4.258 3.479 3.013 2.633 2.116 1.701 1.646
0.013 -0.05655 9.77815 1.1495367289 2.4995974678    1.148  0.567  3.7258  3.786    2  0.000  0.537     0.00     0.00     0.00     0.00     0.00 -1 -4.36e-13      0.00 7.262e-01 2.610e-01 2.251e-03 6.158e-04 5.592e-03 -1.000 1.275e-02 3.353 4.768 4.315 3.512 3.031 2.641 2.105 1.673 1.616
0.013 -0.05655 9.77815 1.1505888700 2.4997571455    1.149  0.564  3.7200  3.766    2  0.000  0.537     0.00     0.00     0.00     0.00     0.00 -1 -4.42e-13      0.00 7.247e-01 2.625e-01 2.261e-03 6.182e-04 5.614e-03 -1.000 1.281e-02 3.359 4.863 4.363 3.538 3.043 2.643 2.089 1.642 1.582
0.013 -0.05655 9.77815 1.1516621113 2.4999196799    1.150  0.571  3.7152  3.740    2  0.000  0.537     0.00     0.00     0.00     0.00     0.00 -1  -4.6e-13      0.00 7.233e-01 2.639e-01 2.268e-03 6.202e-04 5.632e-03 -1.000 1.283e-02 3.343 4.927 4.384 3.542 3.034 2.626 2.055 1.593 1.532
0.013 -0.05655 9.77815 1.1532109976 2.5001536338    1.151  0.589  3.7091  3.699    2  0.000  0.537     0.00     0.00     0.00     0.00     0.00 -1 -4.99e-13      0.00 7.214e-01 2.658e-01 2.277e-03 6.225e-04 5.655e-03 -1.000 1.284e-02 3.298 4.980 4.386 3.521 2.997 2.579 1.987 1.509 1.445
0.013 -0.05655 9.77815 1.1543968916 2.5003322711    1.153  0.612  3.7057  3.663    2  0.000  0.537     0.00     0.00     0.00     0.00     0.00 -1 -5.47e-13      0.00 7.198e-01 2.673e-01 2.283e-03 6.241e-04 5.669e-03 -1.000 1.284e-02 3.241 4.980 4.358 3.479 2.947 2.522 1.919 1.430 1.365
0.013 -0.05655 9.77815 1.1546539068 2.5003709310    1.153  0.618  3.7051  3.654    2  0.000  0.537     0.00     0.00     0.00     0.00     0.00 -1 -5.61e-13      0.00 7.195e-01 2.677e-01 2.284e-03 6.244e-04 5.672e-03 -1.000 1.286e-02 3.225 4.973 4.347 3.466 2.932 2.506 1.901 1.411 1.346
0.013 -0.05655 9.77815 1.1562031507 2.5006035475    1.154  0.659  3.7021  3.602    3  0.000  0.535     0.00     0.00     0.00     0.00     0.00 -1  -6.5e-13      0.00 7.171e-01 2.700e-01 2.283e-03 6.274e-04 5.686e-03 -1.000 1.290e-02 3.123 4.917 4.269 3.377 2.835 2.404 1.788 1.290 1.223
0.013 -0.05655 9.77815 1.1576595306 2.5008215680    1.156  0.703  3.6998  3.550    3  0.000  0.528     0.00     0.00     0.00     0.00     0.00 -1  -7.6e-13      0.00 7.143e-01 2.727e-01 2.254e-03 6.483e-04 5.697e-03 -1.000 1.296e-02 3.013 4.839 4.178 3.277 2.730 2.294 1.671 1.166 1.098
0.013 -0.05655 9.77815 1.1592706442 2.5010620183    1.157  0.756  3.6977  3.488    3  0.000  0.506     0.00     0.00     0.00     0.00     0.00 -1 -9.18e-13      0.00 7.108e-01 2.762e-01 2.167e-03 7.368e-04 5.708e-03 -1.000 1.301e-02 2.879 4.739 4.062 3.153 2.601 2.161 1.530 1.018 0.950
0.013 -0.05655 9.77815 1.1605918407 2.5012586272    1.159  0.805  3.6961  3.433    3  0.000  0.483     0.00     0.00     0.00     0.00     0.00 -1 -1.09e-12      0.00 7.077e-01 2.793e-01 2.070e-03 8.534e-04 5.715e-03 -1.000 1.302e-02 2.758 4.649 3.957 3.039 2.484 2.040 1.403 0.886 0.817
0.013 -0.05655 9.77815 1.1616078615 2.5014094727    1.160  0.845  3.6948  3.389    3  0.000  0.467     0.00     0.00     0.00     0.00     0.00 -1 -1.26e-12      0.00 7.054e-01 2.816e-01 2.002e-03 9.383e-04 5.720e-03 -1.000 1.304e-02 2.658 4.572 3.869 2.945 2.386 1.940 1.298 0.778 0.708
0.013 -0.05655 9.77815 1.1627950668 2.5015853495    1.161  0.896  3.6932  3.332    3  0.000  0.451     0.00     0.00     0.00     0.00     0.00 -1  -1.5e-12      0.00 7.027e-01 2.843e-01 1.938e-03 1.018e-03 5.724e-03 -1.000 1.305e-02 2.530 4.473 3.756 2.824 2.262 1.812 1.165 0.640 0.570
0.013 -0.05655 9.77815 1.1638784409 2.5017454843    1.162  0.947  3.6916  3.275    3  0.000  0.441     0.00     0.00     0.00     0.00     0.00 -1  -1.8e-12      0.00 7.005e-01 2.865e-01 1.895e-03 1.074e-03 5.728e-03 -1.000 1.307e-02 2.404 4.377 3.645 2.705 2.139 1.686 1.033 0.503 0.433
0.013 -0.05655 9.77815 1.1648994684 2.5018960901    1.163  0.999  3.6898  3.216    3  0.000  0.434     0.00     0.00     0.00     0.00     0.00 -1 -2.17e-12      0.00 6.988e-01 2.881e-01 1.865e-03 1.111e-03 5.730e-03 -1.000 1.308e-02 2.272 4.277 3.530 2.581 2.010 1.554 0.895 0.360 0.289
0.013 -0.05655 9.77815 1.1657738686 2.5020248266    1.164  1.049  3.6881  3.159    3  0.000  0.430     0.00     0.00     0.00     0.00     0.00 -1 -2.59e-12      0.00 6.976e-01 2.893e-01 1.847e-03 1.134e-03 5.732e-03 -1.000 1.309e-02 2.148 4.186 3.423 2.466 1.891 1.431 0.765 0.225 0.154
0.013 -0.05655 9.77815 1.1665546894 2.5021395980    1.164  1.098  3.6863  3.104    3  0.000  0.426     0.00     0.00     0.00     0.00     0.00 -1 -3.08e-12      0.00 6.967e-01 2.902e-01 1.833e-03 1.151e-03 5.733e-03 -1.000 1.311e-02 2.026 4.101 3.321 2.354 1.774 1.310 0.637 0.092 0.020
0.013 -0.05655 9.77815 1.1672642231 2.5022437380    1.165  1.146  3.6843  3.048    3  0.000  0.424     0.00     0.00     0.00     0.00     0.00 -1 -3.67e-12      0.00 6.961e-01 2.908e-01 1.825e-03 1.162e-03 5.734e-03 -1.000 1.312e-02 1.905 4.018 3.220 2.243 1.658 1.190 0.510 -0.040 -0.114
0.013 -0.05655 9.77815 1.1679253578 2.5023406433    1.166  1.195  3.6823  2.990    3  0.000  0.423     0.00     0.00     0.00     0.00     0.00 -1 -4.39e-12      0.00 6.958e-01 2.911e-01 1.820e-03 1.169e-03 5.734e-03 -1.000 1.310e-02 1.782 3.936 3.117 2.130 1.539 1.067 0.379 -0.177 -0.252
0.013 -0.05655 9.77815 1.1685113907 2.5024264353    1.166  1.244  3.6801  2.934    3  0.000  0.422     0.00     0.00     0.00     0.00     0.00 -1 -5.23e-12      0.00 6.956e-01 2.913e-01 1.817e-03 1.173e-03 5.734e-03 -1.000 1.308e-02 1.661 3.856 3.017 2.020 1.423 0.947 0.252 -0.311 -0.387
0.013 -0.05655 9.77815 1.1690429449 2.5025041663    1.167  1.292  3.6779  2.877    3  0.000  0.422     0.00     0.00     0.00     0.00     0.00 -1 -6.24e-12      0.00 6.955e-01 2.914e-01 1.815e-03 1.174e-03 5.735e-03 -1.000 1.308e-02 1.540 3.780 2.919 1.912 1.309 0.828 0.124 -0.445 -0.522
0.013 -0.05655 9.77815 1.1695125103 2.5025727649    1.167  1.339  3.6757  2.821    3  0.000  0.422     0.00     0.00     0.00     0.00     0.00 -1 -7.39e-12      0.00 6.955e-01 2.914e-01 1.815e-03 1.175e-03 5.735e-03 -1.000 1.308e-02 1.423 3.708 2.825 1.808 1.199 0.713 0.001 -0.575 -0.654
0.013 -0.05655 9.77815 1.1699326038 2.5026340825    1.167  1.384  3.6735  2.767    3  0.000  0.422     0.00     0.00     0.00     0.00     0.00 -1 -8.73e-12      0.00 6.955e-01 2.914e-01 1.814e-03 1.175e-03 5.735e-03 -1.000 1.308e-02 1.310 3.640 2.735 1.707 1.092 0.601 -0.119 -0.702 -0.782
0.013 -0.05655 9.77815 1.1703319550 2.5026923256    1.168  1.431  3.6711  2.711    3  0.000  0.422     0.00     0.00     0.00     0.00     0.00 -1 -1.04e-11      0.00 6.955e-01 2.914e-01 1.814e-03 1.176e-03 5.735e-03 -1.000 1.308e-02 1.193 3.571 2.643 1.604 0.983 0.487 -0.243 -0.833 -0.914
0.013 -0.05655 9.77815 1.1706942320 2.5027451220    1.168  1.476  3.6688  2.656    3  0.000  0.422     0.00     0.00     0.00     0.00     0.00 -1 -1.22e-11      0.00 6.955e-01 2.914e-01 1.814e-03 1.176e-03 5.735e-03 -1.000 1.308e-02 1.080 3.507 2.554 1.504 0.876 0.375 -0.364 -0.961 -1.044
0.013 -0.05655 9.77815 1.1710351706 2.5027947745    1.168  1.522  3.6663  2.601    3  0.000  0.422     0.00     0.00     0.00     0.00     0.00 -1 -1.45e-11      0.00 6.956e-01 2.914e-01 1.814e-03 1.176e-03 5.735e-03 -1.000 1.308e-02 0.965 3.445 2.467 1.406 0.770 0.264 -0.485 -1.090 -1.174
0.013 -0.05655 9.77815 1.1713550091 2.5028413238    1.169  1.566  3.6639  2.547    3  0.000  0.422     0.00     0.00     0.00     0.00     0.00 -1 -1.71e-11      0.00 6.956e-01 2.914e-01 1.814e-03 1.176e-03 5.735e-03 -1.000 1.308e-02 0.854 3.385 2.382 1.310 0.667 0.155 -0.603 -1.215 -1.301
0.013 -0.05655 9.77815 1.1716854572 2.5028893865    1.169  1.608  3.6615  2.495    3  0.000  0.422     0.00     0.00     0.00     0.00     0.00 -1    -2e-11      0.00 6.956e-01 2.914e-01 1.813e-03 1.176e-03 5.735e-03 -1.000 1.308e-02 0.749 3.331 2.303 1.219 0.570 0.052 -0.715 -1.335 -1.422
0.013 -0.05655 9.77815 1.1719801426 2.5029322214    1.169  1.633  3.6602  2.466    3  0.000  0.421     0.00     0.00     0.00     0.00     0.00 -1 -2.19e-11      0.00 6.956e-01 2.913e-01 1.813e-03 1.177e-03 5.735e-03 -1.000 1.308e-02 0.689 3.307 2.259 1.167 0.513 -0.007 -0.779 -1.403 -1.491
0.013 -0.05655 9.77815 1.1721990108 2.5029640196    1.169  1.611  3.6617  2.494    3  0.000  0.421     0.00     0.00     0.00     0.00     0.00 -1 -2.04e-11      0.00 6.956e-01 2.913e-01 1.813e-03 1.177e-03 5.735e-03 -1.000 1.308e-02 0.742 3.320 2.294 1.211 0.562 0.045 -0.721 -1.340 -1.427
0.013 -0.05655 9.77815 1.1723825932 2.5029906808    1.169  1.570  3.6645  2.545    3  0.000  0.421     0.00     0.00     0.00     0.00     0.00 -1 -1.76e-11      0.00 6.956e-01 2.913e-01 1.813e-03 1.177e-03 5.735e-03 -1.000 1.308e-02 0.844 3.362 2.365 1.295 0.655 0.144 -0.611 -1.222 -1.308
0.013 -0.05655 9.77815 1.1724420786 2.5029993176    1.169  1.558  3.6653  2.561    3  0.000  0.421     0.00     0.00     0.00     0.00     0.00 -1 -1.67e-11      0.00 6.956e-01 2.913e-01 1.813e-03 1.177e-03 5.735e-03 -1.000 1.308e-02 0.876 3.376 2.388 1.322 0.684 0.175 -0.577 -1.185 -1.270
0.013 -0.05655 9.77815 1.1726101637 2.5030237169    1.169  1.587  3.6636  2.525    3  0.000  0.421     0.00     0.00     0.00     0.00     0.00 -1 -1.84e-11      0.00 6.956e-01 2.913e-01 1.813e-03 1.177e-03 5.735e-03 -1.000 1.308e-02 0.802 3.337 2.332 1.258 0.616 0.103 -0.656 -1.269 -1.355
0.013 -0.05655 9.77815 1.1728748083 2.5030621165    1.170  1.633  3.6609  2.469    3  0.000  0.421     0.00     0.00     0.00     0.00     0.00 -1 -2.17e-11      0.00 6.956e-01 2.913e-01 1.813e-03 1.177e-03 5.736e-03 -1.000 1.308e-02 0.688 3.290 2.251 1.162 0.510 -0.008 -0.777 -1.399 -1.487
0.013 -0.05655 9.77815 1.1731284857 2.5030989061    1.170  1.678  3.6583  2.413    3  0.000  0.421     0.00     0.00     0.00     0.00     0.00 -1 -2.57e-11      0.00 6.956e-01 2.913e-01 1.813e-03 1.177e-03 5.736e-03 -1.000 1.308e-02 0.575 3.253 2.173 1.066 0.405 -0.120 -0.899 -1.528 -1.618
0.013 -0.05655 9.77815 1.1733700037 2.5031339152    1.170  1.724  3.6555  2.356    3  0.000  0.421     0.00     0.00     0.00     0.00     0.00 -1 -3.06e-11      0.00 6.956e-01 2.913e-01 1.812e-03 1.177e-03 5.736e-03 -1.000 1.308e-02 0.459 3.218 2.096 0.970 0.299 -0.232 -1.023 -1.661 -1.752
0.013 -0.05655 9.77815 1.1735875607 2.5031654369    1.170  1.769  3.6528  2.300    3  0.000  0.421     0.00     0.00     0.00     0.00     0.00 -1 -3.61e-11      0.00 6.956e-01 2.913e-01 1.812e-03 1.178e-03 5.736e-03 -1.000 1.308e-02 0.346 3.186 2.021 0.878 0.196 -0.342 -1.143 -1.789 -1.882
0.013 -0.05655 9.77815 1.1737853289 2.5031940798    1.170  1.814  3.6500  2.245    3  0.000  0.421     0.00     0.00     0.00     0.00     0.00 -1 -4.26e-11      0.00 6.956e-01 2.913e-01 1.812e-03 1.178e-03 5.736e-03 -1.000 1.308e-02 0.236 3.157 1.949 0.787 0.096 -0.450 -1.262 -1.916 -2.010
0.013 -0.05655 9.77815 1.1739712954 2.5032210033    1.170  1.858  3.6472  2.188    3  0.000  0.421     0.00     0.00     0.00     0.00     0.00 -1 -5.04e-11      0.00 6.956e-01 2.913e-01 1.812e-03 1.178e-03 5.736e-03 -1.000 1.309e-02 0.124 3.131 1.878 0.697 -0.005 -0.558 -1.382 -2.045 -2.141
0.013 -0.05655 9.77815 1.1741428375 2.5032458298    1.170  1.903  3.6443  2.132    3  0.000  0.421     0.00     0.00     0.00     0.00     0.00 -1 -5.96e-11      0.00 6.956e-01 2.913e-01 1.812e-03 1.178e-03 5.736e-03 -1.000 1.309e-02 0.012 3.107 1.808 0.609 -0.105 -0.666 -1.501 -2.173 -2.271
0.013 -0.05655 9.77815 1.1742982864 2.5032683200    1.170  1.947  3.6415  2.077    3  0.000  0.421     0.00     0.00     0.00     0.00     0.00 -1 -7.02e-11      0.00 6.956e-01 2.913e-01 1.812e-03 1.178e-03 5.736e-03 -1.000 1.309e-02 -0.097 3.086 1.741 0.523 -0.202 -0.771 -1.618 -2.298 -2.399
0.013 -0.05655 9.77815 1.1744440794 2.5032894069    1.170  1.991  3.6385  2.021    3  0.000  0.421     0.00     0.00     0.00     0.00     0.00 -1  -8.3e-11      0.00 6.956e-01 2.913e-01 1.812e-03 1.178e-03 5.736e-03 -1.000 1.309e-02 -0.208 3.068 1.674 0.436 -0.300 -0.878 -1.737 -2.427 -2.529
0.013 -0.05655 9.77815 1.1745743752 2.5033082473    1.170  2.034  3.6356  1.966    3  0.000  0.421     0.00     0.00     0.00     0.00     0.00 -1 -9.77e-11      0.00 6.956e-01 2.913e-01 1.812e-03 1.178e-03 5.736e-03 -1.000 1.309e-02 -0.316 3.037 1.613 0.352 -0.393 -0.980 -1.851 -2.547 -2.654
0.013 -0.05655 9.77815 1.1746946573 2.5033256355    1.170  2.077  3.6327  1.911    3  0.000  0.421     0.00     0.00     0.00     0.00     0.00 -1 -1.15e-10      0.00 6.956e-01 2.913e-01 1.812e-03 1.178e-03 5.736e-03 -1.000 1.309e-02 -0.424 2.993 1.550 0.266 -0.486 -1.081 -1.965 -2.665 -2.776
0.013 -0.05655 9.77815 1.1748058796 2.5033417104    1.169  2.121  3.6297  1.856    3  0.000  0.421     0.00     0.00     0.00     0.00     0.00 -1 -1.35e-10      0.00 6.956e-01 2.913e-01 1.812e-03 1.178e-03 5.736e-03 -1.000 1.309e-02 -0.532 2.949 1.488 0.181 -0.579 -1.181 -2.079 -2.783 -2.899
0.013 -0.05655 9.77815 1.1749072075 2.5033563521    1.169  2.163  3.6267  1.802    3  0.000  0.421     0.00     0.00     0.00     0.00     0.00 -1 -1.59e-10      0.00 6.956e-01 2.913e-01 1.811e-03 1.178e-03 5.736e-03 -1.000 1.309e-02 -0.638 2.903 1.427 0.099 -0.668 -1.280 -2.190 -2.899 -3.021
0.013 -0.05655 9.77815 1.1750016212 2.5033699922    1.169  2.206  3.6237  1.747    3  0.000  0.421     0.00     0.00     0.00     0.00     0.00 -1 -1.87e-10      0.00 6.956e-01 2.913e-01 1.811e-03 1.178e-03 5.736e-03 -1.000 1.309e-02 -0.745 2.856 1.365 0.016 -0.757 -1.378 -2.303 -3.016 -3.143
0.013 -0.05655 9.77815 1.1750866175 2.5033822696    1.169  2.247  3.6206  1.693    3  0.000  0.421     0.00     0.00     0.00     0.00     0.00 -1 -2.19e-10      0.00 6.956e-01 2.913e-01 1.811e-03 1.179e-03 5.736e-03 -1.000 1.309e-02 -0.849 2.809 1.306 -0.064 -0.844 -1.474 -2.411 -3.130 -3.262
0.013 -0.05655 9.77815 1.1751668453 2.5033938563    1.168  2.290  3.6176  1.638    3  0.000  0.421     0.00     0.00     0.00     0.00     0.00 -1 -2.57e-10      0.00 6.956e-01 2.913e-01 1.811e-03 1.179e-03 5.736e-03 -1.000 1.309e-02 -0.954 2.758 1.245 -0.143 -0.930 -1.570 -2.522 -3.245 -3.384
0.013 -0.05655 9.77815 1.1752411127 2.5034045805    1.168  2.332  3.6145  1.584    3  0.000  0.421     0.00     0.00     0.00     0.00     0.00 -1 -3.02e-10      0.00 6.956e-01 2.913e-01 1.811e-03 1.179e-03 5.736e-03 -1.000 1.309e-02 -1.060 2.709 1.185 -0.222 -1.015 -1.665 -2.632 -3.360 -3.505
0.013 -0.05655 9.77815 1.1753077507 2.5034142018    1.168  2.373  3.6114  1.530    3  0.000  0.421     0.00     0.00     0.00     0.00     0.00 -1 -3.53e-10      0.00 6.956e-01 2.913e-01 1.811e-03 1.179e-03 5.736e-03 -1.000 1.309e-02 -1.162 2.662 1.127 -0.297 -1.098 -1.757 -2.738 -3.471 -3.624
0.013 -0.05655 9.77815 1.1753706932 2.5034232883    1.167  2.414  3.6083  1.476    3  0.000  0.421     0.00     0.00     0.00     0.00     0.00 -1 -4.14e-10      0.00 6.956e-01 2.913e-01 1.811e-03 1.179e-03 5.736e-03 -1.000 1.309e-02 -1.266 2.634 1.073 -0.369 -1.179 -1.851 -2.848 -3.588 -3.746
0.013 -0.05655 9.77815 1.1754280329 2.5034315650    1.167  2.455  3.6051  1.423    3  0.000  0.421     0.00     0.00     0.00     0.00     0.00 -1 -4.84e-10      0.00 6.956e-01 2.913e-01 1.811e-03 1.179e-03 5.736e-03 -1.000 1.309e-02 -1.367 2.636 1.027 -0.432 -1.256 -1.944 -2.956 -3.705 -3.868
0.013 -0.05655 9.77815 1.1754809618 2.5034392043    1.167  2.495  3.6021  1.370    3  0.000  0.421     0.00     0.00     0.00     0.00     0.00 -1 -5.66e-10      0.00 6.956e-01 2.913e-01 1.811e-03 1.179e-03 5.736e-03 -1.000 1.309e-02 -1.468 2.636 0.982 -0.497 -1.334 -2.037 -3.065 -3.822 -3.989
0.013 -0.05655 9.77815 1.1755306721 2.5034463782    1.166  2.536  3.5988  1.316    3  0.000  0.421    11.25     8.20     5.77     4.42     3.59  4 -6.62e-10      0.00 6.956e-01 2.913e-01 1.811e-03 1.179e-03 5.736e-03 -1.000 1.309e-02 -1.570 2.639 0.939 -0.557 -1.409 -2.130 -3.174 -3.940 -4.112
0.013 -0.05655 9.77815 1.1755747795 2.5034527430    1.165  2.575  3.5956  1.264    3  0.000  0.421    12.52     9.01     6.31     4.84     3.94  4 -7.69e-10      0.00 6.956e-01 2.913e-01 1.811e-03 1.179e-03 5.736e-03 -1.000 1.309e-02 -1.667 2.640 0.902 -0.610 -1.476 -2.218 -3.278 -4.053 -4.230
0.013 -0.05655 9.77815 1.1756167412 2.5034587977    1.165  2.615  3.5925  1.212    3  0.000  0.421    13.95     9.90     6.91     5.31     4.31  4 -8.96e-10      0.00 6.956e-01 2.913e-01 1.811e-03 1.179e-03 5.736e-03 -1.000 1.309e-02 -1.766 2.639 0.862 -0.666 -1.546 -2.308 -3.385 -4.168 -4.350
0.013 -0.05655 9.77815 1.1756563187 2.5034645078    1.164  2.654  3.5891  1.158    3  0.000  0.421    15.57    10.91     7.57     5.83     4.74  3 -1.05e-09      0.00 6.956e-01 2.913e-01 1.811e-03 1.179e-03 5.736e-03 -1.000 1.309e-02 -1.866 2.642 0.827 -0.717 -1.612 -2.397 -3.492 -4.284 -4.471
0.013 -0.05655 9.77815 1.1756912470 2.5034695469    1.163  2.692  3.5859  1.107    3  0.000  0.421    17.29    11.96     8.27     6.37     5.18  3 -1.21e-09      0.00 6.956e-01 2.913e-01 1.811e-03 1.179e-03 5.736e-03 -1.000 1.309e-02 -1.960 2.644 0.799 -0.757 -1.669 -2.481 -3.593 -4.395 -4.587
0.013 -0.05655 9.77815 1.1757247448 2.5034743792    1.163  2.730  3.5827  1.056    3  0.000  0.421    19.22    13.11     9.03     6.97     5.67  3 -1.41e-09      0.00 6.956e-01 2.913e-01 1.811e-03 1.179e-03 5.736e-03 -1.000 1.309e-02 -2.055 2.644 0.769 -0.801 -1.728 -2.566 -3.696 -4.506 -4.703
0.013 -0.05655 9.77815 1.1757558584 2.5034788673    1.162  2.768  3.5793  1.004    3  0.000  0.421    21.38    14.40     9.87     7.63     6.21  3 -1.63e-09      0.00 6.956e-01 2.913e-01 1.811e-03 1.179e-03 5.736e-03 -1.000 1.309e-02 -2.150 2.647 0.744 -0.838 -1.781 -2.649 -3.799 -4.618 -4.820
0.013 -0.05655 9.77815 1.1757919788 2.5034840773    1.160  2.815  3.5750  0.940    3  0.000  0.421    24.42    16.18    11.03     8.55     6.95  3 -1.96e-09      0.00 6.956e-01 2.913e-01 1.811e-03 1.179e-03 5.736e-03 -1.000 1.309e-02 -2.267 2.652 0.727 -0.865 -1.834 -2.750 -3.928 -4.757 -4.965
0.013 -0.05655 9.77815 1.1758240461 2.5034887024    1.159  2.860  3.5708  0.878    3  0.000  0.421    27.75    18.09    12.28     9.53     7.75  3 -2.34e-09      0.00 6.956e-01 2.913e-01 1.811e-03 1.179e-03 5.736e-03 -1.000 1.309e-02 -2.379 2.660 0.714 -0.889 -1.883 -2.845 -4.050 -4.889 -5.105
0.013 -0.05655 9.77815 1.1758542061 2.5034930521    1.158  2.905  3.5665  0.815    3  0.000  0.421    31.58    20.26    13.68    10.63     8.65  3  -2.8e-09      0.00 6.956e-01 2.913e-01 1.811e-03 1.179e-03 5.736e-03 -1.000 1.309e-02 -2.491 2.662 0.713 -0.893 -1.916 -2.937 -4.175 -5.023 -5.246
0.013 -0.05655 9.77815 1.1758816242 2.5034970062    1.156  2.948  3.5622  0.753    3  0.000  0.421    35.86    22.64    15.21    11.84     9.64  2 -3.34e-09      0.00 6.956e-01 2.913e-01 1.811e-03 1.179e-03 5.736e-03 -1.000 1.309e-02 -2.601 2.665 0.717 -0.891 -1.945 -3.026 -4.298 -5.155 -5.384
0.013 -0.05655 9.77815 1.1759068966 2.5035006506    1.154  2.991  3.5579  0.692    3  0.000  0.421    40.64    25.26    16.89    13.17    10.72  2 -3.97e-09      0.00 6.956e-01 2.913e-01 1.811e-03 1.179e-03 5.736e-03 -1.000 1.309e-02 -2.709 2.667 0.732 -0.873 -1.962 -3.109 -4.418 -5.283 -5.520
0.013 -0.05655 9.77815 1.1759305000 2.5035040542    1.153  3.034  3.5535  0.632    3  0.000  0.421    46.07    28.19    18.75    14.65    11.93  2 -4.72e-09      0.00 6.956e-01 2.913e-01 1.811e-03 1.179e-03 5.736e-03 -1.000 1.309e-02 -2.815 2.668 0.758 -0.840 -1.969 -3.187 -4.537 -5.412 -5.655
0.013 -0.05655 9.77815 1.1759520769 2.5035071654    1.150  3.076  3.5491  0.572    3  0.000  0.421    52.11    31.39    20.78    16.26    13.25  2 -5.59e-09      0.00 6.956e-01 2.913e-01 1.811e-03 1.179e-03 5.736e-03 -1.000 1.309e-02 -2.919 2.672 0.794 -0.796 -1.967 -3.259 -4.654 -5.537 -5.788
0.013 -0.05655 9.77815 1.1759723425 2.5035100874    1.148  3.117  3.5446  0.511    3  0.000  0.421    59.02    35.00    23.06    18.07    14.72  2 -6.63e-09      0.00 6.956e-01 2.913e-01 1.811e-03 1.179e-03 5.736e-03 -1.000 1.309e-02 -3.023 2.673 0.848 -0.725 -1.949 -3.321 -4.772 -5.663 -5.922
0.013 -0.05655 9.77815 1.1759910583 2.5035127859    1.146  3.158  3.5402  0.452    3  0.000  0.421    66.67    38.93    25.52    20.03    16.33  2 -7.83e-09      0.00 6.956e-01 2.913e-01 1.811e-03 1.179e-03 5.736e-03 -1.000 1.309e-02 -3.124 2.678 0.910 -0.646 -1.926 -3.380 -4.888 -5.786 -6.052
0.013 -0.05655 9.77815 1.1760084629 2.5035152952    1.143  3.198  3.5356  0.393    3  0.000  0.421    75.29    43.30    28.25    22.21    18.11  2 -9.25e-09      0.00 6.956e-01 2.913e-01 1.811e-03 1.179e-03 5.736e-03 -1.000 1.309e-02 -3.224 2.681 0.997 -0.534 -1.883 -3.422 -5.003 -5.907 -6.182
0.013 -0.05655 9.77815 1.1760245562 2.5035176154    1.140  3.236  3.5311  0.335    3  0.000  0.421    84.88    48.07    31.21    24.58    20.05  2 -1.09e-08      0.00 6.956e-01 2.913e-01 1.811e-03 1.179e-03 5.736e-03 -1.000 1.309e-02 -3.321 2.687 1.089 -0.418 -1.837 -3.459 -5.116 -6.026 -6.309
0.013 -0.05655 9.77815 1.1760400534 2.5035198496    1.136  3.276  3.5265  0.276    3  0.000  0.421    95.85    53.45    34.54    27.25    22.22  2 -1.29e-08      0.00 6.956e-01 2.913e-01 1.811e-03 1.179e-03 5.736e-03 -1.000 1.309e-02 -3.419 2.691 1.206 -0.270 -1.773 -3.475 -5.231 -6.144 -6.437
0.013 -0.05655 9.77815 1.1760542393 2.5035218947    1.132  3.313  3.5218  0.218    3  0.000  0.421   107.92    59.27    38.12    30.12    24.57  1 -1.51e-08      0.00 6.956e-01 2.913e-01 1.811e-03 1.179e-03 5.736e-03 -1.000 1.309e-02 -3.514 2.699 1.339 -0.104 -1.699 -3.478 -5.341 -6.259 -6.562
0.013 -0.05655 9.77815 1.1760675907 2.5035238194    1.128  3.350  3.5172  0.161    3  0.000  0.421   121.30    65.63    42.01    33.25    27.13  1 -1.77e-08      0.00 6.956e-01 2.913e-01 1.811e-03 1.179e-03 5.736e-03 -1.000 1.309e-02 -3.606 2.708 1.494 0.095 -1.603 -3.456 -5.448 -6.371 -6.683
0.013 -0.05655 9.77815 1.1760803461 2.5035256582    1.124  3.385  3.5128  0.107    3  0.000  0.421   135.64    72.33    46.09    36.54    29.82  0 -2.07e-08      0.00 6.956e-01 2.913e-01 1.811e-03 1.179e-03 5.736e-03 -1.000 1.309e-02 -3.693 2.717 1.656 0.308 -1.498 -3.419 -5.550 -6.478 -6.799
0.013 -0.05655 9.77815 1.1760853529 2.5035263799    1.122  3.398  3.5112  0.087    3  0.000  0.421   141.26    74.92    47.67    37.81    30.86  0 -2.19e-08      0.00 6.956e-01 2.913e-01 1.811e-03 1.179e-03 5.736e-03 -1.000 1.309e-02 -3.724 2.721 1.716 0.385 -1.459 -3.404 -5.587 -6.516 -6.840
0.013 -0.05655 9.77815 1.1760853529 2.5035263799    1.122  1.720  3.6734  2.414    4  0.000  0.432     0.00     0.00     0.00     0.00     0.00 -1    -1e-30      0.00 6.936e-01 2.932e-01 1.863e-03 1.132e-03 5.752e-03 -1.000 1.318e-02 0.470 2.807 1.901 0.860 0.253 -0.238 -0.961 -1.540 -1.620
0.013 -0.05655 9.77815 1.1762505770 2.5035501934    1.122  1.730  3.6726  2.400    4  0.000  0.432     0.00     0.00     0.00     0.00     0.00 -1    -1e-30      0.00 6.936e-01 2.932e-01 1.863e-03 1.132e-03 5.752e-03 -1.000 1.318e-02 0.444 2.802 1.885 0.839 0.229 -0.264 -0.990 -1.571 -1.652
0.013 -0.05655 9.77815 1.1764094830 2.5035730891    1.122  1.735  3.6723  2.395    4  0.000  0.432     0.00     0.00     0.00     0.00     0.00 -1    -1e-30      0.00 6.936e-01 2.933e-01 1.863e-03 1.132e-03 5.752e-03 -1.000 1.318e-02 0.433 2.798 1.877 0.829 0.218 -0.274 -1.001 -1.584 -1.664
0.013 -0.05655 9.77815 1.1765699387 2.5035962008    1.122  1.735  3.6725  2.395    4  0.000  0.432     0.00     0.00     0.00     0.00     0.00 -1    -1e-30      0.00 6.935e-01 2.933e-01 1.863e-03 1.133e-03 5.752e-03 -1.000 1.318e-02 0.433 2.793 1.874 0.827 0.217 -0.275 -1.001 -1.583 -1.663
0.013 -0.05655 9.77815 1.1767363548 2.5036201634    1.122  1.733  3.6729  2.398    4  0.000  0.432     0.00     0.00     0.00     0.00     0.00 -1    -1e-30      0.00 6.935e-01 2.933e-01 1.863e-03 1.133e-03 5.752e-03 -1.000 1.318e-02 0.437 2.787 1.873 0.829 0.220 -0.272 -0.996 -1.577 -1.657
0.013 -0.05655 9.77815 1.1769005060 2.5036437922    1.123  1.731  3.6734  2.402    4  0.000  0.432     0.00     0.00     0.00     0.00     0.00 -1    -1e-30      0.00 6.935e-01 2.933e-01 1.862e-03 1.133e-03 5.753e-03 -1.000 1.318e-02 0.441 2.781 1.873 0.831 0.223 -0.267 -0.990 -1.569 -1.649
0.013 -0.05655 9.77815 1.1770650148 2.5036674649    1.123  1.730  3.6738  2.406    4  0.000  0.432     0.00     0.00     0.00     0.00     0.00 -1    -1e-30      0.00 6.935e-01 2.933e-01 1.862e-03 1.133e-03 5.753e-03 -1.000 1.318e-02 0.446 2.776 1.873 0.833 0.227 -0.263 -0.984 -1.562 -1.642
0.013 -0.05655 9.77815 1.1772309542 2.5036913357    1.123  1.728  3.6742  2.410    4  0.000  0.432     0.00     0.00     0.00     0.00     0.00 -1    -1e-30      0.00 6.935e-01 2.933e-01 1.862e-03 1.134e-03 5.753e-03 -1.000 1.318e-02 0.451 2.771 1.873 0.835 0.231 -0.258 -0.978 -1.554 -1.634
0.013 -0.05655 9.77815 1.1773914099 2.5037144104    1.123  1.726  3.6746  2.413    4  0.000  0.432     0.00     0.00     0.00     0.00     0.00 -1    -1e-30      0.00 6.935e-01 2.934e-01 1.862e-03 1.134e-03 5.753e-03 -1.000 1.318e-02 0.455 2.766 1.873 0.837 0.234 -0.254 -0.972 -1.548 -1.627
0.013 -0.05655 9.77815 1.1775590181 2.5037385059    1.123  1.724  3.6749  2.416    4  0.000  0.432     0.00     0.00     0.00     0.00     0.00 -1    -1e-30      0.00 6.934e-01 2.934e-01 1.862e-03 1.134e-03 5.753e-03 -1.000 1.318e-02 0.459 2.762 1.873 0.839 0.237 -0.250 -0.967 -1.541 -1.620
0.013 -0.05655 9.77815 1.1777124405 2.5037605551    1.124  1.723  3.6753  2.419    4  0.000  0.431     0.00     0.00     0.00     0.00     0.00 -1    -1e-30      0.00 6.934e-01 2.934e-01 1.862e-03 1.135e-03 5.753e-03 -1.000 1.318e-02 0.462 2.757 1.873 0.840 0.239 -0.247 -0.963 -1.537 -1.616
0.013 -0.05655 9.77815 1.1778726578 2.5037835738    1.124  1.722  3.6756  2.421    4  0.000  0.431     0.00     0.00     0.00     0.00     0.00 -1    -1e-30      0.00 6.934e-01 2.934e-01 1.861e-03 1.135e-03 5.754e-03 -1.000 1.318e-02 0.465 2.753 1.872 0.841 0.241 -0.245 -0.960 -1.532 -1.611
0.013 -0.05655 9.77815 1.1780240536 2.5038053185    1.124  1.721  3.6758  2.423    4  0.000  0.431     0.00     0.00     0.00     0.00     0.00 -1    -1e-30      0.00 6.934e-01 2.934e-01 1.861e-03 1.135e-03 5.754e-03 -1.000 1.318e-02 0.467 2.749 1.871 0.841 0.242 -0.243 -0.957 -1.528 -1.607
0.013 -0.05655 9.77815 1.1781772375 2.5038273135    1.124  1.721  3.6761  2.425    4  0.000  0.431     0.00     0.00     0.00     0.00     0.00 -1    -1e-30      0.00 6.934e-01 2.934e-01 1.861e-03 1.135e-03 5.754e-03 -1.000 1.318e-02 0.469 2.744 1.870 0.842 0.243 -0.241 -0.954 -1.525 -1.603
0.013 -0.05655 9.77815 1.1783416271 2.5038509101    1.124  1.720  3.6763  2.426    4  0.000  0.431     0.00     0.00     0.00     0.00     0.00 -1    -1e-30      0.00 6.934e-01 2.934e-01 1.861e-03 1.136e-03 5.754e-03 -1.000 1.318e-02 0.470 2.740 1.868 0.842 0.244 -0.240 -0.952 -1.522 -1.600
0.013 -0.05655 9.77815 1.1783617735 2.5038538014    1.124  1.720  3.6764  2.426    4  0.000  0.431     0.00     0.00     0.00     0.00     0.00 -1    -1e-30      0.00 6.934e-01 2.934e-01 1.861e-03 1.136e-03 5.754e-03 -1.000 1.318e-02 0.470 2.739 1.868 0.842 0.244 -0.240 -0.952 -1.522 -1.600
0.013 -0.05655 9.77815 1.1783970594 2.5038588652    1.124  1.720  3.6764  2.427    4  0.000  0.431     0.00     0.00     0.00     0.00     0.00 -1    -1e-30      0.00 6.934e-01 2.935e-01 1.861e-03 1.136e-03 5.754e-03 -1.000 1.318e-02 0.470 2.739 1.868 0.841 0.244 -0.240 -0.952 -1.521 -1.600
0.013 -0.05655 9.77815 1.1785570383 2.5038818189    1.125  1.720  3.6766  2.428    4  0.000  0.431     0.00     0.00     0.00     0.00     0.00 -1    -1e-30      0.00 6.933e-01 2.935e-01 1.861e-03 1.136e-03 5.754e-03 -1.000 1.318e-02 0.471 2.735 1.867 0.841 0.245 -0.239 -0.950 -1.519 -1.597
0.013 -0.05655 9.77815 1.1787217855 2.5039054494    1.125  1.719  3.6768  2.429    4  0.000  0.431     0.00     0.00     0.00     0.00     0.00 -1    -1e-30      0.00 6.933e-01 2.935e-01 1.861e-03 1.137e-03 5.755e-03 -1.000 1.318e-02 0.472 2.731 1.865 0.840 0.245 -0.239 -0.949 -1.518 -1.596
0.013 -0.05655 9.77815 1.1788914204 2.5039297729    1.125  1.719  3.6770  2.429    4  0.000  0.431     0.00     0.00     0.00     0.00     0.00 -1    -1e-30      0.00 6.933e-01 2.935e-01 1.860e-03 1.137e-03 5.755e-03 -1.000 1.318e-02 0.471 2.727 1.863 0.839 0.244 -0.239 -0.949 -1.517 -1.595
0.013 -0.05655 9.77815 1.1790475845 2.5039521578    1.125  1.720  3.6771  2.430    4  0.000  0.431     0.00     0.00     0.00     0.00     0.00 -1    -1e-30      0.00 6.933e-01 2.935e-01 1.860e-03 1.137e-03 5.755e-03 -1.000 1.318e-02 0.470 2.724 1.861 0.838 0.243 -0.240 -0.950 -1.517 -1.595
0.013 -0.05655 9.77815 1.1792070866 2.5039750141    1.125  1.720  3.6771  2.429    4  0.000  0.431     0.00     0.00     0.00     0.00     0.00 -1    -1e-30      0.00 6.933e-01 2.935e-01 1.860e-03 1.137e-03 5.755e-03 -1.000 1.318e-02 0.469 2.721 1.859 0.836 0.241 -0.242 -0.951 -1.518 -1.596
0.013 -0.05655 9.77815 1.1793656349 2.5039977267    1.125  1.721  3.6772  2.429    4  0.000  0.431     0.00     0.00     0.00     0.00     0.00 -1    -1e-30      0.00 6.933e-01 2.935e-01 1.860e-03 1.138e-03 5.755e-03 -1.000 1.318e-02 0.466 2.718 1.856 0.833 0.238 -0.244 -0.953 -1.521 -1.599
0.013 -0.05655 9.77815 1.1795207262 2.5040199373    1.126  1.723  3.6771  2.427    4  0.000  0.431     0.00     0.00     0.00     0.00     0.00 -1    -1e-30      0.00 6.933e-01 2.936e-01 1.860e-03 1.138e-03 5.755e-03 -1.000 1.319e-02 0.463 2.716 1.853 0.830 0.235 -0.247 -0.956 -1.524 -1.602
0.013 -0.05655 9.77815 1.1795326471 2.5040216442    1.126  1.723  3.6771  2.427    4  0.000  0.431     0.00     0.00     0.00     0.00     0.00 -1    -1e-30      0.00 6.933e-01 2.936e-01 1.860e-03 1.138e-03 5.755e-03 -1.000 1.319e-02 0.463 2.715 1.853 0.830 0.235 -0.248 -0.957 -1.524 -1.602
0.013 -0.05655 9.77815 1.1796021461 2.5040315948    1.126  1.724  3.6771  2.426    4  0.000  0.431     0.00     0.00     0.00     0.00     0.00 -1    -1e-30      0.00 6.932e-01 2.936e-01 1.860e-03 1.138e-03 5.755e-03 -1.000 1.319e-02 0.461 2.714 1.851 0.828 0.233 -0.249 -0.959 -1.526 -1.604
0.013 -0.05655 9.77815 1.1797587872 2.5040540169    1.126  1.725  3.6770  2.424    4  0.000  0.431     0.00     0.00     0.00     0.00     0.00 -1    -1e-30      0.00 6.932e-01 2.936e-01 1.860e-03 1.138e-03 5.756e-03 -1.000 1.319e-02 0.456 2.712 1.848 0.824 0.229 -0.254 -0.964 -1.531 -1.609
0.013 -0.05655 9.77815 1.1799085140 2.5040754429    1.126  1.728  3.6769  2.421    4  0.000  0.431     0.00     0.00     0.00     0.00     0.00 -1    -1e-30      0.00 6.932e-01 2.936e-01 1.859e-03 1.139e-03 5.756e-03 -1.000 1.319e-02 0.451 2.710 1.844 0.819 0.223 -0.260 -0.970 -1.538 -1.616
0.013 -0.05655 9.77815 1.1800591946 2.5040969991    1.126  1.731  3.6767  2.418    4  0.000  0.431     0.00     0.00     0.00     0.00     0.00 -1    -1e-30      0.00 6.932e-01 2.936e-01 1.859e-03 1.139e-03 5.756e-03 -1.000 1.319e-02 0.444 2.708 1.839 0.813 0.217 -0.267 -0.978 -1.546 -1.624
0.013 -0.05655 9.77815 1.1802095175 2.5041184979    1.126  1.734  3.6764  2.413    4  0.000  0.431     0.00     0.00     0.00     0.00     0.00 -1    -1e-30      0.00 6.932e-01 2.936e-01 1.859e-03 1.139e-03 5.756e-03 -1.000 1.319e-02 0.435 2.707 1.834 0.806 0.209 -0.275 -0.987 -1.557 -1.635
0.013 -0.05655 9.77815 1.1803590059 2.5041398710    1.127  1.738  3.6760  2.408    4  0.000  0.431     0.00     0.00     0.00     0.00     0.00 -1    -1e-30      0.00 6.932e-01 2.936e-01 1.859e-03 1.140e-03 5.756e-03 -1.000 1.319e-02 0.424 2.705 1.827 0.797 0.199 -0.286 -0.999 -1.570 -1.648
0.013 -0.05655 9.77815 1.1805063486 2.5041609312    1.127  1.744  3.6756  2.401    4  0.000  0.431     0.00     0.00     0.00     0.00     0.00 -1    -1e-30      0.00 6.932e-01 2.937e-01 1.859e-03 1.140e-03 5.756e-03 -1.000 1.319e-02 0.411 2.704 1.820 0.787 0.187 -0.299 -1.014 -1.586 -1.664
0.013 -0.05655 9.77815 1.1806526184 2.5041818321    1.127  1.749  3.6750  2.393    4  0.000  0.431     0.00     0.00     0.00     0.00     0.00 -1    -1e-30      0.00 6.931e-01 2.937e-01 1.859e-03 1.140e-03 5.757e-03 -1.000 1.319e-02 0.397 2.702 1.812 0.776 0.174 -0.313 -1.030 -1.603 -1.682
0.013 -0.05655 9.77815 1.1808005571 2.5042029655    1.127  1.756  3.6745  2.384    4  0.000  0.430     0.00     0.00     0.00     0.00     0.00 -1    -1e-30      0.00 6.931e-01 2.937e-01 1.858e-03 1.140e-03 5.757e-03 -1.000 1.319e-02 0.381 2.701 1.802 0.763 0.159 -0.329 -1.048 -1.623 -1.702
0.013 -0.05655 9.77815 1.1809507608 2.5042244162    1.127  1.764  3.6736  2.372    4  0.000  0.430     0.00     0.00     0.00     0.00     0.00 -1    -1e-30      0.00 6.931e-01 2.937e-01 1.858e-03 1.141e-03 5.757e-03 -1.000 1.319e-02 0.359 2.700 1.790 0.746 0.140 -0.350 -1.072 -1.650 -1.730
0.013 -0.05655 9.77815 1.1810890436 2.5042441588    1.128  1.768  3.6734  2.368    4  0.000  0.430     0.00     0.00     0.00     0.00     0.00 -1    -1e-30      0.00 6.931e-01 2.937e-01 1.858e-03 1.141e-03 5.757e-03 -1.000 1.319e-02 0.350 2.698 1.785 0.739 0.132 -0.359 -1.082 -1.660 -1.740
0.013 -0.05655 9.77815 1.1812388897 2.5042655464    1.128  1.788  3.6715  2.341    4  0.000  0.430     0.00     0.00     0.00     0.00     0.00 -1    -1e-30      0.00 6.931e-01 2.937e-01 1.858e-03 1.141e-03 5.757e-03 -1.000 1.319e-02 0.301 2.696 1.757 0.701 0.087 -0.407 -1.137 -1.721 -1.802
0.013 -0.05655 9.77815 1.1813843250 2.5042862985    1.128  1.822  3.6683  2.293    4  0.000  0.430     0.00     0.00     0.00     0.00     0.00 -1    -1e-30      0.00 6.931e-01 2.937e-01 1.858e-03 1.141e-03 5.757e-03 -1.000 1.319e-02 0.215 2.693 1.710 0.634 0.010 -0.491 -1.233 -1.826 -1.909
0.013 -0.05655 9.77815 1.1814616919 2.5042973355    1.128  1.858  3.6649  2.244    4  0.000  0.430     0.00     0.00     0.00     0.00     0.00 -1    -1e-30      0.00 6.931e-01 2.937e-01 1.858e-03 1.142e-03 5.757e-03 -1.000 1.319e-02 0.125 2.691 1.661 0.566 -0.070 -0.579 -1.334 -1.937 -2.022
0.013 -0.05655 9.77815 1.1815035343 2.5043033040    1.128  1.896  3.6615  2.193    4  0.000  0.430     0.00     0.00     0.00     0.00     0.00 -1    -1e-30      0.00 6.931e-01 2.937e-01 1.858e-03 1.142e-03 5.757e-03 -1.000 1.319e-02 0.030 2.687 1.609 0.494 -0.154 -0.670 -1.438 -2.052 -2.138
0.013 -0.05655 9.77815 1.1815259457 2.5043065006    1.128  1.933  3.6582  2.142    4  0.000  0.430     0.00     0.00     0.00     0.00     0.00 -1    -1e-30      0.00 6.931e-01 2.937e-01 1.858e-03 1.142e-03 5.757e-03 -1.000 1.319e-02 -0.063 2.686 1.559 0.423 -0.236 -0.761 -1.542 -2.166 -2.254
0.013 -0.05655 9.77815 1.1815375090 2.5043081498    1.128  1.970  3.6549  2.092    4  0.000  0.430     0.00     0.00     0.00     0.00     0.00 -1    -1e-30      0.00 6.931e-01 2.938e-01 1.858e-03 1.142e-03 5.758e-03 -1.000 1.319e-02 -0.155 2.687 1.512 0.356 -0.316 -0.848 -1.643 -2.276 -2.367
0.013 -0.05655 9.77815 1.1815440655 2.5043090850    1.128  2.007  3.6516  2.041    4  0.000  0.430     0.00     0.00     0.00     0.00     0.00 -1    -1e-30      0.00 6.931e-01 2.938e-01 1.858e-03 1.142e-03 5.758e-03 -1.000 1.319e-02 -0.248 2.687 1.462 0.286 -0.398 -0.938 -1.746 -2.390 -2.483
0.013 -0.05655 9.77815 1.1815479994 2.5043096460    1.128  2.044  3.6484  1.993    4  0.000  0.430     0.00     0.00     0.00     0.00     0.00 -1    -1e-30      0.00 6.931e-01 2.938e-01 1.858e-03 1.142e-03 5.758e-03 -1.000 1.319e-02 -0.339 2.686 1.416 0.219 -0.476 -1.024 -1.845 -2.498 -2.593
0.013 -0.05655 9.77815 1.1815506220 2.5043100201    1.128  2.078  3.6454  1.946    4  0.000  0.430     0.00     0.00     0.00     0.00     0.00 -1    -1e-30      0.00 6.931e-01 2.938e-01 1.858e-03 1.142e-03 5.758e-03 -1.000 1.319e-02 -0.426 2.670 1.374 0.155 -0.550 -1.106 -1.938 -2.597 -2.696
0.013 -0.05655 9.77815 1.1815507412 2.5043100371    1.128  2.079  3.6454  1.945    7  0.000  0.430     0.00     0.00     0.00     0.00     0.00 -1    -1e-30      0.00 6.931e-01 2.938e-01 1.858e-03 1.142e-03 5.758e-03 -1.000 1.319e-02 -0.427 2.670 1.373 0.153 -0.552 -1.107 -1.940 -2.599 -2.698
0.013 -0.05655 9.77815 1.1815536022 2.5043104451    1.128  2.125  3.6414  1.883    7  0.000  0.430     0.00     0.00     0.00     0.00     0.00 -1    -1e-30      0.00 6.931e-01 2.938e-01 1.858e-03 1.142e-03 5.758e-03 -1.000 1.319e-02 -0.543 2.643 1.315 0.065 -0.651 -1.216 -2.065 -2.730 -2.836
0.013 -0.05655 9.77815 1.1815562248 2.5043108192    1.128  2.167  3.6379  1.827    7  0.000  0.430     0.00     0.00     0.00     0.00     0.00 -1    -1e-30      0.00 6.931e-01 2.938e-01 1.858e-03 1.142e-03 5.758e-03 -1.000 1.319e-02 -0.647 2.618 1.263 -0.012 -0.738 -1.312 -2.176 -2.848 -2.959
0.013 -0.05655 9.77815 1.1815624237 2.5043117033    1.128  2.217  3.6337  1.761    7  0.000  0.430     0.00     0.00     0.00     0.00     0.00 -1    -1e-30      0.00 6.931e-01 2.938e-01 1.858e-03 1.142e-03 5.758e-03 -1.000 1.319e-02 -0.771 2.584 1.200 -0.105 -0.841 -1.427 -2.309 -2.988 -3.105
0.013 -0.05655 9.77815 1.1815683842 2.5043125533    1.128  2.198  3.6354  1.786    7  0.000  0.430     0.00     0.00     0.00     0.00     0.00 -1    -1e-30      0.00 6.931e-01 2.938e-01 1.858e-03 1.142e-03 5.758e-03 -1.000 1.319e-02 -0.725 2.596 1.223 -0.070 -0.803 -1.384 -2.259 -2.935 -3.050
0.013 -0.05655 9.77815 1.1815954447 2.5043164126    1.128  2.127  3.6413  1.881    7  0.000  0.430     0.00     0.00     0.00     0.00     0.00 -1 -2.04e-24      0.00 6.931e-01 2.935e-01 1.858e-03 1.142e-03 5.758e-03 -1.000 1.349e-02 -0.547 2.644 1.314 0.063 -0.654 -1.219 -2.069 -2.735 -2.841
0.013 -0.05655 9.77815 1.1817317009 2.5043358415    1.127  2.157  3.6387  1.840    7  0.000  0.430     0.00     0.00     0.00     0.00     0.00 -1 -3.73e-10      0.00 6.930e-01 2.928e-01 1.858e-03 1.142e-03 5.758e-03 -1.000 1.412e-02 -0.623 2.624 1.275 0.006 -0.718 -1.289 -2.150 -2.821 -2.930
0.013 -0.05655 9.77815 1.1817882061 2.5043438972    1.127  2.193  3.6356  1.791    7  0.000  0.430     0.00     0.00     0.00     0.00     0.00 -1 -6.35e-10      0.00 6.930e-01 2.928e-01 1.857e-03 1.142e-03 5.758e-03 -1.000 1.413e-02 -0.713 2.603 1.231 -0.060 -0.792 -1.373 -2.247 -2.923 -3.037
0.013 -0.05655 9.77815 1.1818436384 2.5043517990    1.126  2.232  3.6323  1.739    7  0.000  0.430     0.00     0.00     0.00     0.00     0.00 -1  -7.8e-10      0.00 6.930e-01 2.928e-01 1.857e-03 1.142e-03 5.758e-03 -1.000 1.413e-02 -0.810 2.576 1.182 -0.133 -0.873 -1.462 -2.351 -3.032 -3.152
0.013 -0.05655 9.77815 1.1818922758 2.5043587316    1.125  2.272  3.6289  1.685    7  0.000  0.430     0.00     0.00     0.00     0.00     0.00 -1 -9.51e-10      0.00 6.930e-01 2.928e-01 1.857e-03 1.142e-03 5.758e-03 -1.000 1.413e-02 -0.909 2.547 1.131 -0.206 -0.954 -1.552 -2.456 -3.143 -3.269
0.013 -0.05655 9.77815 1.1819344759 2.5043647460    1.125  2.312  3.6255  1.631    7  0.000  0.430     0.00     0.00     0.00     0.00     0.00 -1 -1.16e-09      0.00 6.930e-01 2.928e-01 1.857e-03 1.142e-03 5.758e-03 -1.000 1.413e-02 -1.009 2.514 1.080 -0.277 -1.034 -1.643 -2.561 -3.255 -3.387
0.013 -0.05655 9.77815 1.1819719076 2.5043700805    1.124  2.352  3.6221  1.577    7  0.000  0.430     0.00     0.00     0.00     0.00     0.00 -1 -1.42e-09      0.00 6.930e-01 2.929e-01 1.857e-03 1.143e-03 5.758e-03 -1.000 1.413e-02 -1.110 2.480 1.027 -0.351 -1.116 -1.734 -2.669 -3.369 -3.507
0.013 -0.05655 9.77815 1.1820050478 2.5043748030    1.123  2.393  3.6186  1.521    7  0.000  0.430     0.00     0.00     0.00     0.00     0.00 -1 -1.75e-09      0.00 6.930e-01 2.929e-01 1.857e-03 1.143e-03 5.758e-03 -1.000 1.413e-02 -1.213 2.444 0.974 -0.424 -1.197 -1.826 -2.777 -3.483 -3.629
0.013 -0.05655 9.77815 1.1820341349 2.5043789477    1.122  2.434  3.6150  1.466    7  0.000  0.430     0.00     0.00     0.00     0.00     0.00 -1 -2.15e-09      0.00 6.930e-01 2.929e-01 1.857e-03 1.143e-03 5.758e-03 -1.000 1.413e-02 -1.315 2.437 0.927 -0.492 -1.277 -1.919 -2.886 -3.601 -3.752
0.013 -0.05655 9.77815 1.1820602417 2.5043826675    1.121  2.475  3.6115  1.411    7  0.000  0.430     0.00     0.00     0.00     0.00     0.00 -1 -2.64e-09      0.00 6.930e-01 2.929e-01 1.857e-03 1.143e-03 5.758e-03 -1.000 1.413e-02 -1.417 2.450 0.885 -0.556 -1.355 -2.012 -2.996 -3.721 -3.877
0.013 -0.05655 9.77815 1.1820838451 2.5043860305    1.119  2.515  3.6080  1.356    7  0.000  0.430    10.20     7.55     5.33     4.09     3.32  4 -3.24e-09      0.00 6.930e-01 2.929e-01 1.857e-03 1.143e-03 5.758e-03 -1.000 1.412e-02 -1.518 2.462 0.845 -0.616 -1.431 -2.104 -3.104 -3.840 -4.001
0.013 -0.05655 9.77815 1.1821056604 2.5043891386    1.118  2.555  3.6043  1.300    7  0.000  0.430    11.44     8.35     5.86     4.50     3.65  4 -3.93e-09      0.00 6.930e-01 2.929e-01 1.857e-03 1.143e-03 5.758e-03 -1.000 1.412e-02 -1.618 2.479 0.810 -0.673 -1.503 -2.194 -3.213 -3.959 -4.125
0.013 -0.05655 9.77815 1.1821262836 2.5043920767    1.116  2.596  3.5988  1.237    7  0.000  0.430    13.03     9.35     6.53     5.03     4.08  4  -4.8e-09      0.00 6.930e-01 2.929e-01 1.856e-03 1.143e-03 5.758e-03 -1.000 1.412e-02 -1.719 2.540 0.804 -0.706 -1.559 -2.280 -3.325 -4.088 -4.262
0.013 -0.05655 9.77815 1.1821455956 2.5043948279    1.115  2.636  3.5935  1.175    7  0.000  0.429    14.82    10.46     7.27     5.60     4.55  3 -5.87e-09      0.00 6.930e-01 2.929e-01 1.854e-03 1.144e-03 5.758e-03 -1.000 1.412e-02 -1.820 2.588 0.799 -0.733 -1.610 -2.365 -3.438 -4.216 -4.397
0.013 -0.05655 9.77815 1.1821643114 2.5043974940    1.112  2.677  3.5894  1.116    7  0.000  0.428    16.72    11.63     8.04     6.21     5.04  3 -7.14e-09      0.00 6.930e-01 2.929e-01 1.850e-03 1.148e-03 5.758e-03 -1.000 1.413e-02 -1.923 2.608 0.773 -0.778 -1.674 -2.456 -3.550 -4.340 -4.528
0.013 -0.05655 9.77815 1.1821814775 2.5043999393    1.110  2.718  3.5856  1.060    7  0.000  0.427    18.78    12.87     8.86     6.85     5.57  3 -8.71e-09      0.00 6.930e-01 2.929e-01 1.845e-03 1.154e-03 5.758e-03 -1.000 1.413e-02 -2.024 2.617 0.748 -0.818 -1.731 -2.545 -3.659 -4.460 -4.653
0.013 -0.05655 9.77815 1.1821986437 2.5044023846    1.107  2.759  3.5816  1.001    7  0.000  0.426    21.19    14.30     9.80     7.59     6.17  3 -1.06e-08      0.00 6.930e-01 2.929e-01 1.840e-03 1.160e-03 5.758e-03 -1.000 1.413e-02 -2.127 2.630 0.726 -0.856 -1.789 -2.634 -3.771 -4.583 -4.783
0.013 -0.05655 9.77815 1.1822149754 2.5044047109    1.103  2.801  3.5773  0.941    7  0.000  0.425    23.99    15.93    10.86     8.43     6.85  3 -1.31e-08      0.00 6.930e-01 2.929e-01 1.835e-03 1.166e-03 5.758e-03 -1.000 1.413e-02 -2.233 2.646 0.715 -0.879 -1.836 -2.725 -3.888 -4.710 -4.916
0.013 -0.05655 9.77815 1.1822279692 2.5044065617    1.100  2.844  3.5730  0.880    7  0.000  0.424    27.21    17.79    12.07     9.38     7.63  3 -1.61e-08      0.00 6.930e-01 2.929e-01 1.831e-03 1.172e-03 5.758e-03 -1.000 1.413e-02 -2.339 2.661 0.709 -0.895 -1.877 -2.814 -4.006 -4.838 -5.051
0.013 -0.05655 9.77815 1.1822363138 2.5044077502    1.097  2.882  3.5690  0.824    7  0.000  0.423    30.49    19.64    13.26    10.32     8.40  3 -1.92e-08      0.00 6.930e-01 2.929e-01 1.827e-03 1.176e-03 5.758e-03 -1.000 1.412e-02 -2.435 2.673 0.709 -0.903 -1.910 -2.894 -4.112 -4.953 -5.173
0.013 -0.05655 9.77815 1.1822426319 2.5044086501    1.095  2.919  3.5651  0.770    7  0.000  0.422    34.08    21.64    14.55    11.34     9.23  2 -2.27e-08      0.00 6.930e-01 2.929e-01 1.824e-03 1.180e-03 5.758e-03 -1.000 1.411e-02 -2.528 2.682 0.720 -0.893 -1.927 -2.967 -4.217 -5.066 -5.292
0.013 -0.05655 9.77815 1.1822483540 2.5044094651    1.092  2.958  3.5608  0.713    7  0.000  0.422    38.34    23.98    16.05    12.53    10.20  2 -2.72e-08      0.00 6.930e-01 2.929e-01 1.821e-03 1.183e-03 5.758e-03 -1.000 1.411e-02 -2.625 2.694 0.735 -0.878 -1.943 -3.044 -4.326 -5.185 -5.418
0.013 -0.05655 9.77815 1.1822537184 2.5044102292    1.089  2.998  3.5563  0.655    7  0.000  0.421    43.27    26.64    17.75    13.88    11.30  2 -3.28e-08      0.00 6.930e-01 2.929e-01 1.819e-03 1.186e-03 5.758e-03 -1.000 1.411e-02 -2.724 2.704 0.769 -0.838 -1.942 -3.114 -4.438 -5.306 -5.546
0.013 -0.05655 9.77815 1.1822583675 2.5044108913    1.086  3.035  3.5519  0.598    7  0.000  0.421    48.59    29.47    19.54    15.31    12.46  2  -3.9e-08      0.00 6.930e-01 2.929e-01 1.817e-03 1.188e-03 5.758e-03 -1.000 1.411e-02 -2.818 2.715 0.808 -0.790 -1.935 -3.179 -4.544 -5.422 -5.668
0.013 -0.05655 9.77815 1.1822628975 2.5044115365    1.083  3.072  3.5474  0.542    7  0.000  0.420    54.61    32.62    21.53    16.89    13.76  2 -4.63e-08      0.00 6.930e-01 2.929e-01 1.816e-03 1.190e-03 5.758e-03 -1.000 1.408e-02 -2.911 2.726 0.864 -0.721 -1.913 -3.235 -4.651 -5.537 -5.791
0.013 -0.05655 9.77815 1.1822675467 2.5044121987    1.078  3.111  3.5426  0.482    7  0.000  0.420    61.77    36.32    23.85    18.74    15.27  2 -5.51e-08      0.00 6.930e-01 2.929e-01 1.815e-03 1.190e-03 5.758e-03 -1.000 1.408e-02 -3.008 2.738 0.936 -0.629 -1.879 -3.287 -4.764 -5.658 -5.920
0.013 -0.05655 9.77815 1.1822729111 2.5044129627    1.072  3.151  3.5374  0.418    7  0.000  0.420    70.38    40.67    26.57    20.92    17.05  2 -6.64e-08      0.00 6.930e-01 2.929e-01 1.815e-03 1.190e-03 5.758e-03 -1.000 1.408e-02 -3.108 2.755 1.039 -0.502 -1.824 -3.329 -4.882 -5.783 -6.055
0.013 -0.05655 9.77815 1.1822783947 2.5044137437    1.065  3.189  3.5323  0.357    7  0.000  0.420    79.78    45.34    29.47    23.25    18.95  2 -7.94e-08      0.00 6.930e-01 2.929e-01 1.815e-03 1.190e-03 5.758e-03 -1.000 1.408e-02 -3.202 2.773 1.155 -0.357 -1.757 -3.356 -4.993 -5.901 -6.182
0.013 -0.05655 9.77815 1.1822830439 2.5044144058    1.057  3.209  3.5293  0.322    7  0.000  0.420    85.69    48.22    31.25    24.68    20.12  1 -8.87e-08      0.00 6.930e-01 2.929e-01 1.815e-03 1.190e-03 5.758e-03 -1.000 1.408e-02 -3.253 2.787 1.232 -0.261 -1.709 -3.363 -5.054 -5.966 -6.252
0.013 -0.05655 9.77815 1.1822842360 2.5044145756    1.055  3.220  3.5277  0.304    7  0.000  0.420    89.06    49.86    32.27    25.50    20.78  1 -9.34e-08      0.00 6.930e-01 2.929e-01 1.815e-03 1.190e-03 5.758e-03 -1.000 1.408e-02 -3.281 2.793 1.281 -0.200 -1.679 -3.360 -5.088 -6.001 -6.291
0.013 -0.05655 9.77815 1.1822850704 2.5044146945    1.054  3.228  3.5265  0.291    7  0.000  0.420    91.43    51.01    32.97    26.06    21.24  1 -9.68e-08      0.00 6.930e-01 2.929e-01 1.815e-03 1.190e-03 5.758e-03 -1.000 1.408e-02 -3.300 2.798 1.318 -0.154 -1.656 -3.355 -5.111 -6.025 -6.317
0.013 -0.05655 9.77815 1.1822859049 2.5044148133    1.052  3.152  3.5360  0.404    7  0.000  0.420    72.24    41.55    27.11    21.37    17.41  2 -7.07e-08      0.00 6.930e-01 2.929e-01 1.815e-03 1.190e-03 5.758e-03 -1.000 1.408e-02 -3.110 2.782 1.094 -0.438 -1.781 -3.312 -4.888 -5.792 -6.066
0.013 -0.05655 9.77815 1.1822860241 2.5044148303    1.052  3.250  3.5234  0.255    7  0.000  0.420    98.35    54.34    35.03    27.72    22.59  1 -1.07e-07      0.00 6.930e-01 2.929e-01 1.815e-03 1.191e-03 5.758e-03 -1.000 1.408e-02 -3.356 2.807 1.410 -0.040 -1.601 -3.351 -5.177 -6.095 -6.393
0.013 -0.05655 9.77815 1.1822861433 2.5044148472    1.052  3.204  3.5297  0.327    7  0.000  0.420    84.73    47.73    30.95    24.44    19.92  1 -8.84e-08      0.00 6.930e-01 2.929e-01 1.815e-03 1.191e-03 5.758e-03 -1.000 1.408e-02 -3.239 2.792 1.225 -0.272 -1.712 -3.358 -5.039 -5.950 -6.236
0.013 -0.05655 9.77815 1.1822862625 2.5044148642    1.051  3.187  3.5318  0.352    7  0.000  0.420    80.50    45.66    29.66    23.41    19.07  2 -8.24e-08      0.00 6.930e-01 2.929e-01 1.815e-03 1.191e-03 5.758e-03 -1.000 1.408e-02 -3.198 2.788 1.180 -0.328 -1.736 -3.345 -4.991 -5.899 -6.181
0.013 -0.05655 9.77815 1.1822863817 2.5044148812    1.051  3.197  3.5306  0.337    7  0.000  0.420    82.93    46.85    30.40    24.00    19.56  2 -8.58e-08      0.00 6.930e-01 2.929e-01 1.815e-03 1.191e-03 5.758e-03 -1.000 1.408e-02 -3.222 2.791 1.206 -0.296 -1.722 -3.353 -5.018 -5.929 -6.213
0.013 -0.05655 9.77815 1.1822867393 2.5044149321    1.051  3.215  3.5283  0.310    7  0.000  0.420    87.81    49.24    31.88    25.19    20.53  1 -9.28e-08      0.00 6.930e-01 2.929e-01 1.815e-03 1.191e-03 5.758e-03 -1.000 1.408e-02 -3.267 2.794 1.265 -0.221 -1.688 -3.358 -5.072 -5.984 -6.273
0.013 -0.05655 9.77815 1.1822870970 2.5044149831    1.050  3.231  3.5261  0.285    7  0.000  0.420    92.53    51.53    33.29    26.32    21.45  1 -9.94e-08      0.00 6.930e-01 2.929e-01 1.815e-03 1.191e-03 5.758e-03 -1.000 1.408e-02 -3.308 2.799 1.328 -0.142 -1.651 -3.356 -5.120 -6.035 -6.327
0.013 -0.05655 9.77815 1.1822873354 2.5044150170    1.049  3.248  3.5239  0.259    7  0.000  0.420    97.59    53.97    34.79    27.53    22.44  1 -1.07e-07      0.00 6.930e-01 2.929e-01 1.815e-03 1.191e-03 5.758e-03 -1.000 1.408e-02 -3.349 2.805 1.395 -0.059 -1.611 -3.354 -5.169 -6.086 -6.383
0.013 -0.05655 9.77815 1.1822876930 2.5044150680    1.049  3.264  3.5216  0.233    7  0.000  0.420   102.95    56.53    36.37    28.80    23.48  1 -1.14e-07      0.00 6.930e-01 2.929e-01 1.815e-03 1.191e-03 5.758e-03 -1.000 1.408e-02 -3.390 2.812 1.464 0.027 -1.569 -3.350 -5.218 -6.137 -6.439
0.013 -0.05655 9.77815 1.1822880507 2.5044151189    1.048  3.279  3.5196  0.210    7  0.000  0.420   108.04    58.95    37.85    29.99    24.46  1 -1.22e-07      0.00 6.930e-01 2.929e-01 1.815e-03 1.191e-03 5.758e-03 -1.000 1.408e-02 -3.427 2.819 1.529 0.109 -1.529 -3.344 -5.262 -6.183 -6.489
0.013 -0.05655 9.77815 1.1822884083 2.5044151698    1.047  3.306  3.5159  0.167    7  0.000  0.420   117.99    63.64    40.72    32.30    26.34  1 -1.36e-07      0.00 6.930e-01 2.929e-01 1.815e-03 1.191e-03 5.758e-03 -1.000 1.408e-02 -3.495 2.830 1.672 0.294 -1.434 -3.306 -5.341 -6.267 -6.581
0.013 -0.05655 9.77815 1.1822888851 2.5044152377    1.046  3.338  3.5113  0.116    7  0.525  0.420   131.20    69.78    44.46    35.32    28.81  0 -1.55e-07      0.00 6.930e-01 2.929e-01 1.815e-03 1.191e-03 5.758e-03 -1.000 1.408e-02 -3.575 2.846 1.846 0.522 -1.317 -3.258 -5.436 -6.367 -6.691
0.013 -0.05655 9.77815 1.1822894812 2.5044153226    1.043  3.373  3.5063  0.061    7  0.525  0.420   147.29    77.14    48.93    38.93    31.76  0 -1.81e-07      0.00 6.930e-01 2.929e-01 1.815e-03 1.191e-03 5.758e-03 -1.000 1.408e-02 -3.662 2.855 2.013 0.740 -1.205 -3.208 -5.540 -6.475 -6.808
0.013 -0.05655 9.77815 1.1822904348 2.5044154584    1.040  3.401  3.5020  0.014    7  0.526  0.420   162.14    83.82    52.97    42.20    34.44  0 -2.06e-07      0.00 6.930e-01 2.929e-01 1.815e-03 1.191e-03 5.758e-03 -1.000 1.408e-02 -3.732 2.869 2.166 0.936 -1.100 -3.151 -5.623 -6.562 -6.903
0.013 -0.05655 9.77815 1.1822909117 2.5044155264    1.038  3.409  3.5006 -0.001    8  0.526  0.441   167.17    86.05    54.31    43.29    35.33  0 -2.12e-07      0.00 6.930e-01 2.939e-01 1.908e-03 1.192e-03 5.771e-03 -1.000 1.312e-02 -3.753 2.875 2.219 1.003 -1.063 -3.131 -5.648 -6.589 -6.933
0.013 -0.05655 9.77815 1.1822910309 2.5044155433    1.037  3.152  3.5340  0.390    8  0.526  0.441    74.09    42.44    27.65    21.81    17.77  2 -7.34e-08      0.00 6.930e-01 2.939e-01 1.908e-03 1.192e-03 5.771e-03 -1.000 1.312e-02 -3.109 2.818 1.174 -0.344 -1.717 -3.284 -4.894 -5.800 -6.077
0.013 -0.05655 9.77815 1.1822910309 2.5044155433    1.037  3.037  3.5490  0.564    8  0.526  0.441    51.56    30.97    20.47    16.07    13.08  2 -4.52e-08      0.00 6.930e-01 2.939e-01 1.908e-03 1.192e-03 5.771e-03 -1.000 1.313e-02 -2.823 2.775 0.896 -0.694 -1.868 -3.162 -4.559 -5.442 -5.693
0.013 -0.05655 9.77815 1.1822912693 2.5044155773    1.036  2.862  3.5719  0.831    8  0.526  0.441    29.57    19.11    12.91    10.06     8.18  2  -2.1e-08      0.00 6.930e-01 2.939e-01 1.908e-03 1.192e-03 5.771e-03 -1.000 1.313e-02 -2.384 2.672 0.698 -0.917 -1.907 -2.856 -4.054 -4.888 -5.103
0.013 -0.05655 9.77815 1.1822916269 2.5044156282    1.035  2.884  3.5688  0.797    8  0.526  0.441    31.78    20.35    13.70    10.69     8.69  2 -2.32e-08      0.00 6.930e-01 2.939e-01 1.908e-03 1.192e-03 5.771e-03 -1.000 1.313e-02 -2.439 2.695 0.717 -0.901 -1.910 -2.897 -4.117 -4.958 -5.178
0.013 -0.05655 9.77815 1.1822919846 2.5044156791    1.034  3.006  3.5524  0.607    8  0.526  0.441    47.10    28.63    18.99    14.89    12.12  2 -3.99e-08      0.00 6.930e-01 2.939e-01 1.908e-03 1.192e-03 5.771e-03 -1.000 1.313e-02 -2.746 2.773 0.866 -0.732 -1.873 -3.110 -4.471 -5.348 -5.594
0.013 -0.05655 9.77815 1.1822924614 2.5044157471    1.032  3.166  3.5309  0.361    8  0.527  0.441    78.69    44.70    29.06    22.94    18.69  2 -7.92e-08      0.00 6.930e-01 2.939e-01 1.908e-03 1.192e-03 5.771e-03 -1.000 1.312e-02 -3.146 2.843 1.261 -0.237 -1.656 -3.281 -4.941 -5.852 -6.135
0.013 -0.05655 9.77815 1.1822929382 2.5044158150    1.030  3.301  3.5127  0.153    8  0.527  0.441   121.20    65.03    41.56    33.00    26.91  0 -1.39e-07      0.00 6.930e-01 2.939e-01 1.908e-03 1.192e-03 5.771e-03 -1.000 1.312e-02 -3.481 2.890 1.848 0.512 -1.288 -3.206 -5.338 -6.267 -6.587
0.013 -0.05655 9.77815 1.1822936535 2.5044159168    1.027  3.388  3.5007  0.016    8  0.527  0.441   161.03    83.21    52.59    41.91    34.19  0 -1.99e-07      0.00 6.930e-01 2.939e-01 1.908e-03 1.192e-03 5.771e-03 -1.000 1.312e-02 -3.700 2.910 2.253 1.040 -1.020 -3.084 -5.595 -6.536 -6.879
0.013 -0.05655 9.77815 1.1822943687 2.5044160187    1.024  3.435  3.4940 -0.058    8  0.527  0.441   185.16    95.19    59.79    47.75    38.97  0 -2.42e-07      0.00 6.930e-01 2.939e-01 1.908e-03 1.192e-03 5.771e-03 -1.000 1.312e-02 -3.817 2.919 2.460 1.295 -0.886 -3.005 -5.733 -6.680 -7.035
0.013 -0.05655 9.77815 1.1822952032 2.5044161375    1.021  3.457  3.4903 -0.097    8  0.528  0.441   196.21   102.01    63.87    51.07    41.68  0 -2.67e-07      0.00 6.930e-01 2.939e-01 1.908e-03 1.192e-03 5.771e-03 -1.000 1.313e-02 -3.874 2.928 2.577 1.436 -0.808 -2.955 -5.802 -6.751 -7.114
0.013 -0.05655 9.77815 1.1822961569 2.5044162734    1.018  3.471  3.4877 -0.123    8  0.528  0.441   203.77   106.74    66.69    53.37    43.56  0 -2.85e-07      0.00 6.930e-01 2.939e-01 1.908e-03 1.192e-03 5.771e-03 -1.000 1.312e-02 -3.908 2.935 2.632 1.486 -0.779 -2.934 -5.844 -6.795 -7.162
0.013 -0.05655 9.77815 1.1822961569 2.5044162734    1.018  3.276  3.5135  0.176    8  0.528  0.441   115.29    62.20    39.82    31.61    25.77  1 -1.29e-07      0.00 6.930e-01 2.939e-01 1.908e-03 1.192e-03 5.771e-03 -1.000 1.312e-02 -3.419 2.923 1.859 0.519 -1.261 -3.165 -5.273 -6.202 -6.519
0.013 -0.05655 9.77815 1.1822963953 2.5044163073    1.017  3.105  3.5359  0.436    8  0.528  0.441    67.09    38.89    25.42    20.04    16.32  2 -6.36e-08      0.00 6.930e-01 2.939e-01 1.908e-03 1.192e-03 5.771e-03 -1.000 1.312e-02 -2.993 2.872 1.200 -0.323 -1.663 -3.194 -4.771 -5.675 -5.949
0.013 -0.05655 9.77815 1.1822966337 2.5044163413    1.016  2.929  3.5592  0.705    8  0.528  0.441    38.28    23.90    15.97    12.50    10.17  2 -2.99e-08      0.00 6.930e-01 2.939e-01 1.908e-03 1.192e-03 5.771e-03 -1.000 1.312e-02 -2.552 2.797 0.851 -0.758 -1.835 -2.961 -4.257 -5.120 -5.355
0.013 -0.05655 9.77815 1.1822968721 2.5044163752    1.015  2.949  3.5564  0.673    8  0.528  0.441    40.88    25.30    16.86    13.21    10.75  2 -3.28e-08      0.00 6.930e-01 2.939e-01 1.908e-03 1.192e-03 5.771e-03 -1.000 1.313e-02 -2.602 2.809 0.883 -0.719 -1.822 -2.992 -4.315 -5.184 -5.423
0.013 -0.05655 9.77815 1.1822973490 2.5044164431    1.013  3.068  3.5406  0.490    8  0.529  0.441    59.86    35.21    23.12    18.21    14.82  2 -5.49e-08      0.00 6.930e-01 2.939e-01 1.908e-03 1.192e-03 5.771e-03 -1.000 1.312e-02 -2.899 2.866 1.107 -0.442 -1.713 -3.158 -4.661 -5.559 -5.824
0.013 -0.05655 9.77815 1.1822978258 2.5044165110    1.010  3.223  3.5198  0.251    8  0.529  0.441    98.45    54.21    34.91    27.67    22.55  1 -1.06e-07      0.00 6.930e-01 2.939e-01 1.908e-03 1.192e-03 5.771e-03 -1.000 1.313e-02 -3.287 2.920 1.639 0.226 -1.401 -3.210 -5.120 -6.042 -6.347
0.013 -0.05655 9.77815 1.1822985411 2.5044166129    1.007  3.352  3.5025  0.052    8  0.529  0.441   149.20    77.71    49.24    39.23    32.00  0 -1.81e-07      0.00 6.930e-01 2.939e-01 1.908e-03 1.192e-03 5.771e-03 -1.000 1.313e-02 -3.609 2.950 2.237 1.009 -1.008 -3.050 -5.498 -6.438 -6.776
0.013 -0.05655 9.77815 1.1822992563 2.5044167148    1.004  3.434  3.4912 -0.077    8  0.529  0.441   189.09    97.94    61.41    49.10    40.07  0 -2.54e-07      0.00 6.930e-01 2.939e-01 1.908e-03 1.192e-03 5.771e-03 -1.000 1.312e-02 -3.814 2.960 2.582 1.438 -0.787 -2.926 -5.739 -6.688 -7.049
0.013 -0.05655 9.77815 1.1823000908 2.5044168336    1.000  3.475  3.4854 -0.143    8  0.530  0.441   209.04   110.33    68.81    55.12    44.99  0 -3.03e-07      0.00 6.930e-01 2.939e-01 1.908e-03 1.192e-03 5.771e-03 -1.000 1.313e-02 -3.918 2.962 2.701 1.546 -0.733 -2.894 -5.860 -6.814 -7.184
0.013 -0.05655 9.77815 1.1823010445 2.5044169694    0.996  3.492  3.4827 -0.173    8  0.530  0.441   218.44   116.30    72.35    58.01    47.36  0 -3.29e-07      0.00 6.930e-01 2.939e-01 1.908e-03 1.192e-03 5.771e-03 -1.000 1.312e-02 -3.961 2.966 2.752 1.586 -0.712 -2.880 -5.911 -6.866 -7.241
0.013 -0.05655 9.77815 1.1823021173 2.5044171222    0.992  3.500  3.4813 -0.189    8  0.531  0.441   223.38   119.52    74.25    59.57    48.63  0 -3.44e-07      0.00 6.930e-01 2.939e-01 1.908e-03 1.192e-03 5.771e-03 -1.000 1.313e-02 -3.981 2.972 2.783 1.611 -0.696 -2.868 -5.936 -6.892 -7.269
0.013 -0.05655 9.77815 1.1823021173 2.5044171222    0.991  3.313  3.5064  0.099    8  0.531  0.441   134.66    70.98    45.14    35.94    29.30  0 -1.62e-07      0.00 6.930e-01 2.939e-01 1.908e-03 1.192e-03 5.771e-03 -1.000 1.313e-02 -3.512 2.968 2.131 0.865 -1.068 -3.066 -5.388 -6.324 -6.655
0.013 -0.05655 9.77815 1.1823023558 2.5044171562    0.991  3.143  3.5291  0.359    8  0.531  0.441    78.30    44.38    28.83    22.79    18.56  1 -8.08e-08      0.00 6.930e-01 2.939e-01 1.908e-03 1.192e-03 5.771e-03 -1.000 1.312e-02 -3.089 2.921 1.388 -0.094 -1.541 -3.195 -4.890 -5.803 -6.088
0.013 -0.05655 9.77815 1.1823025942 2.5044171901    0.989  2.967  3.5528  0.630    8  0.531  0.441    44.50    27.20    18.06    14.18    11.54  2 -3.84e-08      0.00 6.930e-01 2.939e-01 1.908e-03 1.192e-03 5.771e-03 -1.000 1.313e-02 -2.647 2.848 0.946 -0.649 -1.784 -3.014 -4.371 -5.247 -5.492
0.013 -0.05655 9.77815 1.1823029518 2.5044172411    0.987  2.987  3.5500  0.598    8  0.531  0.441    47.53    28.80    19.07    14.99    12.19  2  -4.2e-08      0.00 6.930e-01 2.939e-01 1.908e-03 1.192e-03 5.771e-03 -1.000 1.313e-02 -2.697 2.861 0.980 -0.609 -1.770 -3.046 -4.429 -5.311 -5.560
0.013 -0.05655 9.77815 1.1823034286 2.5044173090    0.984  3.104  3.5341  0.416    8  0.531  0.441    69.42    39.97    26.08    20.59    16.77  2 -6.97e-08      0.00 6.930e-01 2.939e-01 1.908e-03 1.192e-03 5.771e-03 -1.000 1.313e-02 -2.989 2.915 1.278 -0.234 -1.602 -3.166 -4.773 -5.680 -5.956
0.013 -0.05655 9.77815 1.1823040247 2.5044173939    0.981  3.256  3.5133  0.179    8  0.532  0.441   113.70    61.24    39.20    31.15    25.39  0 -1.32e-07      0.00 6.930e-01 2.939e-01 1.908e-03 1.192e-03 5.771e-03 -1.000 1.313e-02 -3.369 2.973 1.917 0.580 -1.203 -3.110 -5.223 -6.153 -6.470
0.013 -0.05655 9.77815 1.1823046207 2.5044174787    0.977  3.382  3.4959 -0.018    8  0.532  0.441   171.04    87.44    55.08    44.01    35.90  0 -2.23e-07      0.00 6.930e-01 2.939e-01 1.908e-03 1.192e-03 5.771e-03 -1.000 1.313e-02 -3.684 2.997 2.483 1.309 -0.831 -2.934 -5.594 -6.540 -6.891
0.013 -0.05655 9.77815 1.1823054552 2.5044175976    0.973  3.462  3.4847 -0.145    8  0.533  0.441   207.46   109.91    68.51    54.94    44.83  0 -3.12e-07      0.00 6.930e-01 2.939e-01 1.908e-03 1.192e-03 5.771e-03 -1.000 1.313e-02 -3.885 3.002 2.754 1.598 -0.685 -2.847 -5.829 -6.783 -7.154
0.013 -0.05655 9.77815 1.1823064089 2.5044177334    0.968  3.502  3.4788 -0.211    8  0.533  0.441   228.97   123.60    76.63    61.57    50.26  0 -3.71e-07      0.00 6.930e-01 2.939e-01 1.908e-03 1.192e-03 5.771e-03 -1.000 1.312e-02 -3.985 3.005 2.854 1.673 -0.647 -2.825 -5.947 -6.904 -7.285
0.013 -0.05655 9.77815 1.1823073626 2.5044178692    0.962  3.518  3.4762 -0.240    8  0.534  0.441   238.99   130.14    80.49    64.73    52.84  0 -4.02e-07      0.00 6.930e-01 2.939e-01 1.908e-03 1.192e-03 5.771e-03 -1.000 1.313e-02 -4.025 3.006 2.892 1.700 -0.635 -2.821 -5.995 -6.953 -7.338
0.013 -0.05655 9.77815 1.1823085546 2.5044180390    0.956  3.525  3.4749 -0.256    8  0.534  0.441   244.11   133.59    82.51    66.40    54.21  0 -4.22e-07      0.00 6.930e-01 2.939e-01 1.908e-03 1.192e-03 5.771e-03 -1.000 1.313e-02 -4.043 3.010 2.914 1.716 -0.625 -2.815 -6.017 -6.976 -7.362
0.013 -0.05655 9.77815 1.1823085546 2.5044180390    0.955  3.348  3.4993  0.019    8  0.534  0.441   158.32    81.30    51.35    41.02    33.45  0 -2.09e-07      0.00 6.930e-01 2.939e-01 1.908e-03 1.192e-03 5.771e-03 -1.000 1.313e-02 -3.601 3.019 2.407 1.210 -0.872 -2.948 -5.500 -6.442 -6.787
0.013 -0.05655 9.77815 1.1823087931 2.5044180729    0.954  3.181  3.5224  0.278    8  0.534  0.441    92.03    50.87    32.82    26.03    21.20  1 -1.06e-07      0.00 6.930e-01 2.939e-01 1.908e-03 1.192e-03 5.771e-03 -1.000 1.312e-02 -3.182 2.972 1.618 0.185 -1.392 -3.157 -5.007 -5.927 -6.226
0.013 -0.05655 9.77815 1.1823090315 2.5044181069    0.952  3.005  3.5467  0.550    8  0.535  0.441    52.08    31.11    20.51    16.16    13.14  2  -5.1e-08      0.00 6.930e-01 2.939e-01 1.908e-03 1.192e-03 5.771e-03 -1.000 1.312e-02 -2.743 2.896 1.053 -0.524 -1.724 -3.060 -4.486 -5.373 -5.628
0.013 -0.05655 9.77815 1.1823095083 2.5044181748    0.949  3.025  3.5437  0.516    8  0.535  0.441    55.83    33.03    21.72    17.13    13.93  2 -5.61e-08      0.00 6.930e-01 2.939e-01 1.908e-03 1.192e-03 5.771e-03 -1.000 1.312e-02 -2.794 2.911 1.106 -0.458 -1.693 -3.082 -4.546 -5.438 -5.698
0.013 -0.05655 9.77815 1.1823099852 2.5044182427    0.945  3.141  3.5274  0.334    8  0.535  0.441    81.67    45.85    29.71    23.54    19.17  1 -9.21e-08      0.00 6.930e-01 2.939e-01 1.908e-03 1.192e-03 5.771e-03 -1.000 1.313e-02 -3.081 2.970 1.481 0.011 -1.470 -3.153 -4.889 -5.804 -6.093
0.013 -0.05655 9.77815 1.1823105812 2.5044183276    0.940  3.290  3.5061  0.098    8  0.536  0.441   133.85    70.19    44.61    35.58    29.00  0 -1.72e-07      0.00 6.930e-01 2.939e-01 1.908e-03 1.192e-03 5.771e-03 -1.000 1.313e-02 -3.454 3.030 2.202 0.940 -1.000 -3.000 -5.332 -6.268 -6.599
0.013 -0.05655 9.77815 1.1823114157 2.5044184464    0.934  3.414  3.4883 -0.100    8  0.536  0.441   190.81   100.31    62.73    50.30    41.03  0 -2.89e-07      0.00 6.930e-01 2.939e-01 1.908e-03 1.192e-03 5.771e-03 -1.000 1.312e-02 -3.765 3.056 2.745 1.603 -0.653 -2.805 -5.698 -6.650 -7.015
0.013 -0.05655 9.77815 1.1823122501 2.5044185653    0.928  3.493  3.4765 -0.230    8  0.537  0.441   232.03   126.48    78.26    62.99    51.41  0 -4.03e-07      0.00 6.930e-01 2.939e-01 1.908e-03 1.192e-03 5.771e-03 -1.000 1.313e-02 -3.963 3.058 2.939 1.750 -0.581 -2.765 -5.931 -6.890 -7.274
0.013 -0.05655 9.77815 1.1823133230 2.5044187181    0.920  3.533  3.4702 -0.299    8  0.537  0.441   257.20   143.01    87.98    70.97    57.93  0 -4.83e-07      0.01 6.930e-01 2.939e-01 1.908e-03 1.192e-03 5.771e-03 -1.000 1.313e-02 -4.063 3.057 3.027 1.810 -0.552 -2.754 -6.050 -7.011 -7.404
0.013 -0.05655 9.77815 1.1823143959 2.5044188708    0.912  3.551  3.4670 -0.333    8  0.538  0.441   270.03   151.69    93.06    75.15    61.35  0  -5.3e-07      0.01 6.930e-01 2.939e-01 1.908e-03 1.192e-03 5.771e-03 -1.000 1.313e-02 -4.107 3.064 3.070 1.840 -0.537 -2.750 -6.102 -7.063 -7.461
0.013 -0.05655 9.77815 1.1823157072 2.5044190576    0.903  3.559  3.4651 -0.353    8  0.539  0.441   277.76   157.07    96.19    77.75    63.47  0 -5.64e-07      0.01 6.930e-01 2.939e-01 1.908e-03 1.192e-03 5.771e-03 -1.000 1.313e-02 -4.129 3.077 3.104 1.865 -0.522 -2.742 -6.129 -7.091 -7.492
0.013 -0.05655 9.77815 1.1823157072 2.5044190576    0.902  3.395  3.4887 -0.095    8  0.539  0.441   186.79    98.43    61.56    49.42    40.30  0 -2.97e-07      0.00 6.930e-01 2.939e-01 1.908e-03 1.192e-03 5.771e-03 -1.000 1.312e-02 -3.718 3.097 2.777 1.637 -0.616 -2.767 -5.649 -6.601 -6.966
0.013 -0.05655 9.77815 1.1823159456 2.5044190915    0.900  3.230  3.5124  0.164    8  0.539  0.441   115.64    61.59    39.34    31.36    25.55  0 -1.54e-07      0.00 6.930e-01 2.939e-01 1.908e-03 1.192e-03 5.771e-03 -1.000 1.313e-02 -3.304 3.063 2.039 0.712 -1.095 -3.018 -5.161 -6.092 -6.412
0.013 -0.05655 9.77815 1.1823161840 2.5044191255    0.897  3.054  3.5374  0.438    8  0.539  0.441    64.98    37.50    24.49    19.38    15.77  1 -7.53e-08      0.00 6.930e-01 2.939e-01 1.908e-03 1.192e-03 5.771e-03 -1.000 1.313e-02 -2.866 2.980 1.272 -0.264 -1.583 -3.087 -4.639 -5.541 -5.812
0.013 -0.05655 9.77815 1.1823166609 2.5044191934    0.892  3.074  3.5342  0.403    8  0.540  0.441    69.89    39.91    25.99    20.59    16.75  1 -8.32e-08      0.00 6.930e-01 2.939e-01 1.908e-03 1.192e-03 5.771e-03 -1.000 1.313e-02 -2.916 2.998 1.353 -0.164 -1.532 -3.095 -4.700 -5.606 -5.883
0.013 -0.05655 9.77815 1.1823171377 2.5044192613    0.886  3.187  3.5175  0.221    8  0.540  0.441   102.36    55.36    35.52    28.29    23.03  0 -1.35e-07      0.00 6.930e-01 2.939e-01 1.908e-03 1.192e-03 5.771e-03 -1.000 1.313e-02 -3.197 3.063 1.860 0.473 -1.211 -3.055 -5.037 -5.963 -6.272
0.013 -0.05655 9.77815 1.1823178530 2.5044193632    0.879  3.332  3.4958 -0.015    8  0.540  0.441   163.53    84.56    53.21    42.66    34.77  0 -2.48e-07      0.00 6.930e-01 2.939e-01 1.908e-03 1.193e-03 5.771e-03 -1.000 1.313e-02 -3.559 3.122 2.612 1.440 -0.702 -2.805 -5.469 -6.415 -6.766
0.013 -0.05655 9.77815 1.1823185682 2.5044194650    0.870  3.452  3.4774 -0.213    8  0.541  0.441   220.98   120.74    74.76    60.28    49.16  0 -4.12e-07      0.00 6.930e-01 2.939e-01 1.908e-03 1.193e-03 5.771e-03 -1.000 1.313e-02 -3.860 3.142 3.011 1.827 -0.498 -2.679 -5.826 -6.784 -7.167
0.013 -0.05655 9.77815 1.1823195219 2.5044196008    0.860  3.529  3.4652 -0.344    8  0.542  0.441   268.95   152.44    93.38    75.58    61.67  0 -5.74e-07      0.01 6.930e-01 2.939e-01 1.908e-03 1.193e-03 5.771e-03 -1.000 1.313e-02 -4.052 3.144 3.169 1.934 -0.451 -2.669 -6.051 -7.014 -7.414
0.013 -0.05655 9.77815 1.1823204756 2.5044197367    0.849  3.568  3.4585 -0.415    8  0.542  0.441   288.48    -1.00    -1.00    -1.00    -1.00  0 -6.93e-07      0.01 6.930e-01 2.939e-01 1.908e-03 1.193e-03 5.771e-03 -1.000 1.313e-02 -4.150 3.173 3.269 2.006 -0.417 -2.662 -6.166 -7.131 -7.542
0.013 -0.05655 9.77815 1.1823216677 2.5044199064    0.836  3.585  3.4551 -0.452    8  0.543  0.441   280.85    -1.00    -1.00    -1.00    -1.00  0 -7.72e-07      0.01 6.930e-01 2.939e-01 1.908e-03 1.193e-03 5.771e-03 -1.000 1.313e-02 -4.192 3.191 3.319 2.052 -0.396 -2.658 -6.216 -7.181 -7.597
0.013 -0.05655 9.77815 1.1823229790 2.5044200932    0.823  3.594  3.4531 -0.476    8  0.544  0.441   272.61    -1.00    -1.00    -1.00    -1.00  0 -8.44e-07      0.02 6.930e-01 2.939e-01 1.908e-03 1.193e-03 5.771e-03 -1.000 1.313e-02 -4.214 3.212 3.357 2.088 -0.377 -2.650 -6.241 -7.206 -7.627
0.013 -0.05655 9.77815 1.1823229790 2.5044200932    0.821  3.443  3.4760 -0.234    8  0.544  0.441   223.58   123.60    76.35    61.71    50.31  0 -4.71e-07      0.01 6.930e-01 2.939e-01 1.908e-03 1.193e-03 5.771e-03 -1.000 1.313e-02 -3.837 3.201 3.085 1.892 -0.443 -2.629 -5.806 -6.765 -7.150
0.013 -0.05655 9.77815 1.1823232174 2.5044201271    0.817  3.280  3.5008  0.026    8  0.544  0.441   149.56    77.13    48.66    39.06    31.81  0 -2.51e-07      0.00 6.930e-01 2.939e-01 1.908e-03 1.193e-03 5.771e-03 -1.000 1.313e-02 -3.429 3.175 2.513 1.299 -0.756 -2.819 -5.323 -6.264 -6.607
0.013 -0.05655 9.77815 1.1823234558 2.5044201611    0.811  3.105  3.5276  0.304    8  0.545  0.441    84.46    46.52    30.02    23.93    19.46  0 -1.27e-07      0.00 6.930e-01 2.939e-01 1.908e-03 1.193e-03 5.771e-03 -1.000 1.313e-02 -2.992 3.083 1.573 0.092 -1.388 -3.069 -4.799 -5.713 -6.002
0.013 -0.05655 9.77815 1.1823239326 2.5044202290    0.802  3.125  3.5246  0.268    8  0.545  0.441    91.13    49.58    31.90    25.46    20.71  0 -1.43e-07      0.00 6.930e-01 2.939e-01 1.908e-03 1.193e-03 5.771e-03 -1.000 1.313e-02 -3.042 3.100 1.671 0.212 -1.328 -3.059 -4.858 -5.776 -6.071
0.013 -0.05655 9.77815 1.1823244095 2.5044202969    0.790  3.234  3.5077  0.084    8  0.545  0.441   133.99    68.78    43.58    34.97    28.46  0 -2.32e-07      0.00 6.930e-01 2.939e-01 1.908e-03 1.193e-03 5.771e-03 -1.000 1.313e-02 -3.314 3.175 2.292 1.005 -0.910 -2.897 -5.186 -6.120 -6.451
0.013 -0.05655 9.77815 1.1823250055 2.5044203818    0.775  3.374  3.4857 -0.151    8  0.546  0.441   192.83   104.88    65.18    52.67    42.90  0 -4.29e-07      0.01 6.930e-01 2.939e-01 1.908e-03 1.193e-03 5.771e-03 -1.000 1.313e-02 -3.664 3.238 2.965 1.806 -0.478 -2.640 -5.604 -6.558 -6.929
0.013 -0.05655 9.77815 1.1823258400 2.5044205006    0.758  3.490  3.4674 -0.350    8  0.546  0.441   235.37    -1.00    -1.00    -1.00    -1.00  0 -7.21e-07      0.01 6.930e-01 2.939e-01 1.908e-03 1.193e-03 5.771e-03 -1.000 1.313e-02 -3.955 3.273 3.261 2.017 -0.371 -2.587 -5.944 -6.908 -7.310
0.013 -0.05655 9.77815 1.1823266745 2.5044206194    0.739  3.564  3.4561 -0.481    8  0.547  0.441   224.78    -1.00    -1.00    -1.00    -1.00  0 -1.04e-06      0.03 6.930e-01 2.939e-01 1.908e-03 1.193e-03 5.771e-03 -1.000 1.313e-02 -4.139 3.333 3.428 2.137 -0.325 -2.590 -6.153 -7.122 -7.545
0.013 -0.05655 9.77815 1.1823277473 2.5044207722    0.718  3.601  3.4514 -0.549    8  0.548  0.441   213.27    -1.00    -1.00    -1.00    -1.00  0  -1.4e-06      0.04 6.930e-01 2.939e-01 1.908e-03 1.193e-03 5.771e-03 -1.000 1.313e-02 -4.233 3.409 3.520 2.203 -0.307 -2.602 -6.249 -7.222 -7.658
0.013 -0.05655 9.77815 1.1823288202 2.5044209250    0.695  3.617  3.4512 -0.580    8  0.549  0.441   201.05    -1.00    -1.00    -1.00    -1.00  0 -1.81e-06      0.06 6.930e-01 2.939e-01 1.908e-03 1.193e-03 5.771e-03 -1.000 1.313e-02 -4.273 3.519 3.588 2.235 -0.302 -2.607 -6.275 -7.256 -7.703
0.013 -0.05655 9.77815 1.1823301315 2.5044211117    0.670  3.625  3.4537 -0.594    8  0.550  0.441   188.28    -1.00    -1.00    -1.00    -1.00  0 -2.17e-06      0.09 6.930e-01 2.939e-01 1.908e-03 1.193e-03 5.771e-03 -1.000 1.313e-02 -4.293 3.617 3.615 2.226 -0.323 -2.626 -6.275 -7.263 -7.718
0.013 -0.05655 9.77815 1.1823345423 2.5044217399    0.552 -9.999  4.0000  1.715    9  0.552  0.000     0.00     0.00     0.00     0.00     0.00 -1    -1e-30      0.00 6.930e-01 2.939e-01 1.908e-03 1.193e-03 5.771e-03 -1.000 1.313e-02 29.767 29.725 29.988 30.036 30.024 30.021 30.069 30.067 30.084
#isochrone terminated
