# File generated by CMD 3.9 (http://stev.oapd.inaf.it/cmd) on Tue May 12 07:18:26 UTC 2026
# isochrones based on PARSEC release v1.2S +  COLIBRI S_37 + S_35 + PR16
# Basic references: Bressan et al. (2012), MNRAS, 427, 127 + Chen et al. (2014, 2015), MNRAS, 444, 2525 + MNRAS, 452, 1068 + Tang et al. (2014), MNRAS, 445, 4287 + Marigo et al. (2017), ApJ, 835, 77 + Pastorelli al. (2019), MNRAS, 485, 5666 + Pastorelli al. (2020), MNRAS, in press
# Thermal pulse cycles included 
# On RGB, assumed Reimers mass loss with efficiency eta=0.2
# LPV periods and growth rates added cf. Trabucchi et al. (2019)
# but fundamental-mode LPV periods + transition are from Trabucchi et al. (2021)
# Photometric system: <i>UBVRIJHK</i> (cf. Maiz-Apellaniz 2006 + Bessell 1990)
# Using YBC version of bolometric corrections as in Chen et al. (2019)
# O-rich circumstellar dpmod60alox40 dust from Groenewegen (2006)
# C-rich circumstellar AMCSIC15 dust from Groenewegen (2006)
# IMF: Kroupa (2001, 2002) + Kroupa et al. (2013) canonical two-part-power law IMF corrected for unresolved binaries 
# Kind of output: isochrone tables
# Zini     MH   logAge Mini        int_IMF         Mass   logL    logTe  logg  label   McoreTP C_O  period0  period1  period2  period3  period4  pmode  Mloss  tau1m   X   Y   Xc  Xn  Xo  Cexcess  Z 	 mbolmag  Umag    Bmag    Vmag    Rmag    Imag    Jmag    Hmag    Kmag
0.013 -0.05655 9.84510 0.0900000036 1.0816895926    0.090 -3.412  3.3678  5.228    1  0.000  0.545     0.00     0.00     0.00     0.00     0.00 -1 -3.95e-17      0.00 7.144e-01 2.725e-01 2.359e-03 6.364e-04 5.772e-03 -1.000 1.312e-02 13.301 22.688 19.986 18.128 15.943 13.679 11.210 10.596 10.317
0.013 -0.05655 9.84510 0.1000000015 1.1711064122    0.100 -3.225  3.3947  5.194    1  0.000  0.545     0.00     0.00     0.00     0.00     0.00 -1    -6e-17      0.00 7.141e-01 2.728e-01 2.359e-03 6.364e-04 5.772e-03 -1.000 1.312e-02 12.832 22.155 19.489 17.640 15.468 13.211 10.742 10.129 9.846
0.013 -0.05655 9.84510 0.1122586802 1.2660444545    0.112 -3.054  3.4173  5.164    1  0.000  0.545     0.00     0.00     0.00     0.00     0.00 -1 -8.68e-17      0.00 7.137e-01 2.732e-01 2.359e-03 6.364e-04 5.772e-03 -1.000 1.312e-02 12.406 21.605 18.993 17.156 15.010 12.768 10.320 9.708 9.421
0.013 -0.05655 9.84510 0.1200000048 1.3193154741    0.120 -2.956  3.4303  5.146    1  0.000  0.545     0.00     0.00     0.00     0.00     0.00 -1 -1.07e-16      0.00 7.134e-01 2.735e-01 2.359e-03 6.364e-04 5.772e-03 -1.000 1.312e-02 12.160 20.654 18.272 16.481 14.492 12.358 10.104 9.489 9.197
0.013 -0.05655 9.84510 0.1400000006 1.4384526719    0.140 -2.775  3.4495  5.109    1  0.000  0.545     0.00     0.00     0.00     0.00     0.00 -1 -1.57e-16      0.00 7.129e-01 2.740e-01 2.359e-03 6.364e-04 5.772e-03 -1.000 1.312e-02 11.708 19.238 17.136 15.429 13.656 11.682 9.697 9.079 8.786
0.013 -0.05655 9.84510 0.1573681533 1.5252305461    0.157 -2.651  3.4614  5.083    1  0.000  0.545     0.00     0.00     0.00     0.00     0.00 -1 -2.03e-16      0.00 7.124e-01 2.745e-01 2.359e-03 6.364e-04 5.772e-03 -1.000 1.312e-02 11.397 18.358 16.422 14.750 13.110 11.250 9.418 8.797 8.506
0.013 -0.05655 9.84510 0.1599999964 1.5372931554    0.160 -2.633  3.4631  5.080    1  0.000  0.545     0.00     0.00     0.00     0.00     0.00 -1 -2.11e-16      0.00 7.124e-01 2.745e-01 2.359e-03 6.364e-04 5.772e-03 -1.000 1.312e-02 11.353 18.241 16.326 14.659 13.036 11.191 9.378 8.757 8.467
0.013 -0.05655 9.84510 0.2000000030 1.6938790862    0.200 -2.415  3.4818  5.033    1  0.000  0.545     0.00     0.00     0.00     0.00     0.00 -1 -3.29e-16      0.00 7.115e-01 2.754e-01 2.359e-03 6.364e-04 5.772e-03 -1.000 1.312e-02 10.808 16.923 15.216 13.605 12.161 10.490 8.878 8.256 7.973
0.013 -0.05655 9.84510 0.2500000000 1.8403257998    0.250 -2.207  3.4977  4.985    1  0.000  0.545     0.00     0.00     0.00     0.00     0.00 -1 -5.02e-16      0.00 7.108e-01 2.761e-01 2.359e-03 6.364e-04 5.772e-03 -1.000 1.312e-02 10.287 15.849 14.282 12.709 11.390 9.867 8.397 7.773 7.500
0.013 -0.05655 9.84510 0.3000000119 1.9529139769    0.300 -2.044  3.5081  4.943    1  0.000  0.545     0.00     0.00     0.00     0.00     0.00 -1 -2.25e-16      0.00 7.105e-01 2.764e-01 2.359e-03 6.364e-04 5.772e-03 -1.000 1.312e-02 9.880 15.131 13.640 12.099 10.849 9.408 8.014 7.387 7.123
0.013 -0.05655 9.84510 0.3500000238 2.0434175133    0.350 -1.892  3.5166  4.893    1  0.000  0.545     0.00     0.00     0.00     0.00     0.00 -1 -9.73e-16      0.00 7.150e-01 2.719e-01 2.359e-03 6.364e-04 5.772e-03 -1.000 1.312e-02 9.501 14.522 13.084 11.570 10.371 8.992 7.656 7.025 6.768
0.013 -0.05655 9.84510 0.4000000358 2.1185024810    0.400 -1.747  3.5276  4.850    1  0.000  0.545     0.00     0.00     0.00     0.00     0.00 -1 -1.34e-15      0.00 7.151e-01 2.718e-01 2.359e-03 6.364e-04 5.772e-03 -1.000 1.312e-02 9.138 13.913 12.519 11.034 9.888 8.589 7.320 6.683 6.435
0.013 -0.05655 9.84510 0.4500000179 2.1822809362    0.450 -1.595  3.5401  4.799    1  0.000  0.545     0.00     0.00     0.00     0.00     0.00 -1  -1.9e-15      0.00 7.152e-01 2.717e-01 2.359e-03 6.364e-04 5.772e-03 -1.000 1.312e-02 8.758 13.300 11.937 10.481 9.388 8.172 6.972 6.327 6.088
0.013 -0.05655 9.84510 0.5000000000 2.2374541529    0.500 -1.435  3.5560  4.748    1  0.000  0.545     0.00     0.00     0.00     0.00     0.00 -1 -2.76e-15      0.00 7.152e-01 2.717e-01 2.359e-03 6.364e-04 5.772e-03 -1.000 1.312e-02 8.357 12.666 11.313 9.883 8.845 7.733 6.611 5.956 5.729
0.013 -0.05655 9.84510 0.5500000119 2.2836582633    0.550 -1.259  3.5765  4.696    1  0.000  0.545     0.00     0.00     0.00     0.00     0.00 -1 -4.18e-15      0.00 7.316e-01 2.559e-01 2.232e-03 6.022e-04 5.463e-03 -1.000 1.243e-02 7.919 11.976 10.616 9.211 8.229 7.259 6.230 5.560 5.352
0.013 -0.05655 9.84510 0.6000000238 2.3211213258    0.600 -1.087  3.6016  4.661    1  0.000  0.545     0.00     0.00     0.00     0.00     0.00 -1  -6.2e-15      0.00 7.341e-01 2.536e-01 2.214e-03 5.975e-04 5.420e-03 -1.000 1.231e-02 7.487 11.278 9.897 8.541 7.619 6.801 5.862 5.171 5.002
0.013 -0.05655 9.84510 0.6499999762 2.3520353107    0.650 -0.912  3.6318  4.642    1  0.000  0.544     0.00     0.00     0.00     0.00     0.00 -1 -9.11e-15      0.00 7.364e-01 2.514e-01 2.198e-03 5.932e-04 5.382e-03 -1.000 1.224e-02 7.050 10.498 9.099 7.850 7.006 6.342 5.493 4.811 4.689
0.013 -0.05655 9.84510 0.7000000477 2.3779267258    0.700 -0.744  3.6619  4.627    1  0.000  0.544     0.00     0.00     0.00     0.00     0.00 -1 -1.31e-14      0.00 7.387e-01 2.493e-01 2.181e-03 5.888e-04 5.343e-03 -1.000 1.209e-02 6.630 9.472 8.270 7.171 6.435 5.905 5.157 4.536 4.446
0.013 -0.05655 9.84510 0.7006475925 2.3782342733    0.701 -0.742  3.6623  4.627    1  0.000  0.544     0.00     0.00     0.00     0.00     0.00 -1 -1.32e-14      0.00 7.387e-01 2.492e-01 2.180e-03 5.887e-04 5.342e-03 -1.000 1.209e-02 6.625 9.458 8.260 7.162 6.429 5.899 5.153 4.533 4.444
0.013 -0.05655 9.84510 0.7245742083 2.3891563492    0.725 -0.664  3.6761  4.618    1  0.000  0.541     0.00     0.00     0.00     0.00     0.00 -1 -1.57e-14      0.00 7.399e-01 2.480e-01 2.157e-03 5.860e-04 5.322e-03 -1.000 1.210e-02 6.429 8.941 7.892 6.863 6.186 5.695 4.999 4.424 4.343
0.013 -0.05655 9.84510 0.7467613220 2.3985684702    0.747 -0.592  3.6884  4.609    1  0.000  0.537     0.00     0.00     0.00     0.00     0.00 -1 -1.84e-14      0.00 7.410e-01 2.470e-01 2.137e-03 5.836e-04 5.303e-03 -1.000 1.201e-02 6.251 8.501 7.577 6.605 5.975 5.513 4.859 4.323 4.248
0.013 -0.05655 9.84510 0.7500000000 2.3998889087    0.750 -0.582  3.6902  4.608    1  0.000  0.537     0.00     0.00     0.00     0.00     0.00 -1 -1.89e-14      0.00 7.411e-01 2.468e-01 2.134e-03 5.832e-04 5.301e-03 -1.000 1.202e-02 6.225 8.439 7.533 6.568 5.944 5.487 4.839 4.308 4.233
0.013 -0.05655 9.84510 0.7611346245 2.4043301754    0.761 -0.547  3.6953  4.600    1  0.000  0.537     0.00     0.00     0.00     0.00     0.00 -1 -2.04e-14      0.00 7.419e-01 2.461e-01 2.128e-03 5.817e-04 5.287e-03 -1.000 1.200e-02 6.139 8.244 7.394 6.452 5.848 5.401 4.771 4.255 4.183
0.013 -0.05655 9.84510 0.7873241305 2.4142091990    0.787 -0.467  3.7072  4.582    1  0.000  0.537     0.00     0.00     0.00     0.00     0.00 -1 -2.47e-14      0.00 7.437e-01 2.443e-01 2.116e-03 5.782e-04 5.256e-03 -1.000 1.191e-02 5.938 7.806 7.080 6.188 5.625 5.202 4.611 4.131 4.064
0.013 -0.05655 9.84510 0.7995212078 2.4185568769    0.799 -0.430  3.7126  4.573    1  0.000  0.537     0.00     0.00     0.00     0.00     0.00 -1  -2.7e-14      0.00 7.446e-01 2.435e-01 2.110e-03 5.766e-04 5.242e-03 -1.000 1.188e-02 5.844 7.610 6.940 6.069 5.524 5.111 4.538 4.073 4.008
0.013 -0.05655 9.84510 0.8109921217 2.4225087834    0.811 -0.395  3.7175  4.563    1  0.000  0.537     0.00     0.00     0.00     0.00     0.00 -1 -2.93e-14      0.00 7.455e-01 2.426e-01 2.103e-03 5.748e-04 5.225e-03 -1.000 1.186e-02 5.757 7.432 6.811 5.960 5.431 5.026 4.468 4.017 3.955
0.013 -0.05655 9.84510 0.8319100738 2.4293937210    0.831 -0.331  3.7261  4.545    1  0.000  0.536     0.00     0.00     0.00     0.00     0.00 -1 -3.42e-14      0.00 7.472e-01 2.409e-01 2.090e-03 5.715e-04 5.196e-03 -1.000 1.181e-02 5.598 7.121 6.585 5.767 5.263 4.872 4.341 3.914 3.854
0.013 -0.05655 9.84510 0.8490424156 2.4347429970    0.848 -0.279  3.7330  4.530    1  0.000  0.536     0.00     0.00     0.00     0.00     0.00 -1 -3.89e-14      0.00 7.487e-01 2.396e-01 2.080e-03 5.688e-04 5.171e-03 -1.000 1.177e-02 5.468 6.875 6.404 5.613 5.128 4.748 4.238 3.829 3.772
0.013 -0.05655 9.84510 0.8600888252 2.4380623953    0.859 -0.246  3.7371  4.518    1  0.000  0.536     0.00     0.00     0.00     0.00     0.00 -1 -4.22e-14      0.00 7.498e-01 2.385e-01 2.072e-03 5.666e-04 5.152e-03 -1.000 1.172e-02 5.385 6.723 6.289 5.514 5.041 4.669 4.172 3.773 3.717
0.013 -0.05655 9.84510 0.8795701265 2.4436834538    0.879 -0.187  3.7441  4.497    1  0.000  0.536     0.00     0.00     0.00     0.00     0.00 -1 -4.91e-14      0.00 7.519e-01 2.365e-01 2.058e-03 5.627e-04 5.117e-03 -1.000 1.164e-02 5.236 6.453 6.090 5.344 4.891 4.531 4.054 3.672 3.620
0.013 -0.05655 9.84510 0.8980067372 2.4487455875    0.897 -0.130  3.7505  4.475    1  0.000  0.536     0.00     0.00     0.00     0.00     0.00 -1 -5.67e-14      0.00 7.539e-01 2.346e-01 2.044e-03 5.589e-04 5.083e-03 -1.000 1.155e-02 5.096 6.202 5.905 5.186 4.752 4.401 3.942 3.575 3.526
0.013 -0.05655 9.84510 0.8985635638 2.4488947628    0.898 -0.129  3.7506  4.474    1  0.000  0.536     0.00     0.00     0.00     0.00     0.00 -1 -5.69e-14      0.00 7.539e-01 2.345e-01 2.043e-03 5.587e-04 5.082e-03 -1.000 1.155e-02 5.091 6.194 5.899 5.181 4.747 4.397 3.939 3.572 3.523
0.013 -0.05655 9.84510 0.9050399065 2.4506142984    0.904 -0.109  3.7527  4.466    1  0.000  0.536     0.00     0.00     0.00     0.00     0.00 -1    -6e-14      0.00 7.548e-01 2.337e-01 2.037e-03 5.571e-04 5.067e-03 -1.000 1.153e-02 5.041 6.113 5.837 5.126 4.698 4.351 3.898 3.536 3.488
0.013 -0.05655 9.84510 0.9296352863 2.4568943738    0.929 -0.032  3.7601  4.431    1  0.000  0.536     0.00     0.00     0.00     0.00     0.00 -1 -7.35e-14      0.00 7.582e-01 2.304e-01 2.012e-03 5.506e-04 5.008e-03 -1.000 1.138e-02 4.850 5.810 5.598 4.918 4.509 4.173 3.741 3.395 3.351
0.013 -0.05655 9.84510 0.9480847716 2.4613600277    0.947  0.026  3.7652  4.401    1  0.000  0.536     0.00     0.00     0.00     0.00     0.00 -1  -8.6e-14      0.00 7.608e-01 2.279e-01 1.994e-03 5.455e-04 4.963e-03 -1.000 1.132e-02 4.705 5.593 5.421 4.763 4.367 4.039 3.620 3.286 3.244
0.013 -0.05655 9.84510 0.9498010278 2.4617653123    0.949  0.031  3.7657  4.399    1  0.000  0.536     0.00     0.00     0.00     0.00     0.00 -1 -8.73e-14      0.00 7.612e-01 2.275e-01 1.991e-03 5.449e-04 4.957e-03 -1.000 1.130e-02 4.692 5.574 5.405 4.749 4.354 4.027 3.609 3.276 3.234
0.013 -0.05655 9.84510 0.9695487022 2.4663101499    0.969  0.095  3.7704  4.363    1  0.000  0.535     0.00     0.00     0.00     0.00     0.00 -1 -1.04e-13      0.00 7.649e-01 2.239e-01 1.964e-03 5.376e-04 4.892e-03 -1.000 1.114e-02 4.532 5.350 5.215 4.580 4.198 3.878 3.473 3.150 3.111
0.013 -0.05655 9.84510 0.9873571396 2.4702299073    0.987  0.153  3.7742  4.328    1  0.000  0.535     0.00     0.00     0.00     0.00     0.00 -1 -1.23e-13      0.00 7.685e-01 2.205e-01 1.939e-03 5.309e-04 4.831e-03 -1.000 1.101e-02 4.388 5.158 5.047 4.429 4.056 3.743 3.348 3.033 2.995
0.013 -0.05655 9.84510 0.9976059794 2.4724129260    0.997  0.186  3.7758  4.306    1  0.000  0.535     0.00     0.00     0.00     0.00     0.00 -1 -1.35e-13      0.00 7.705e-01 2.185e-01 1.925e-03 5.270e-04 4.797e-03 -1.000 1.093e-02 4.306 5.056 4.955 4.345 3.976 3.666 3.275 2.964 2.927
0.013 -0.05655 9.84510 1.0040233135 2.4737537650    1.003  0.206  3.7767  4.293    1  0.000  0.535     0.00     0.00     0.00     0.00     0.00 -1 -1.42e-13      0.00 7.722e-01 2.170e-01 1.913e-03 5.239e-04 4.770e-03 -1.000 1.087e-02 4.255 4.994 4.899 4.293 3.926 3.617 3.229 2.920 2.883
0.013 -0.05655 9.84510 1.0177222490 2.4765510699    1.017  0.251  3.7783  4.260    1  0.000  0.535     0.00     0.00     0.00     0.00     0.00 -1 -1.59e-13      0.00 7.751e-01 2.142e-01 1.894e-03 5.186e-04 4.722e-03 -1.000 1.075e-02 4.143 4.862 4.776 4.177 3.815 3.509 3.124 2.819 2.783
0.013 -0.05655 9.84510 1.0286370516 2.4787186337    1.028  0.289  3.7796  4.231    1  0.000  0.535     0.00     0.00     0.00     0.00     0.00 -1 -1.76e-13      0.00 7.760e-01 2.133e-01 1.888e-03 5.170e-04 4.708e-03 -1.000 1.072e-02 4.046 4.750 4.671 4.079 3.720 3.416 3.034 2.732 2.696
0.013 -0.05655 9.84510 1.0321155787 2.4793983633    1.031  0.302  3.7799  4.221    1  0.000  0.535     0.00     0.00     0.00     0.00     0.00 -1 -1.83e-13      0.00 7.761e-01 2.132e-01 1.887e-03 5.167e-04 4.706e-03 -1.000 1.073e-02 4.015 4.715 4.638 4.047 3.689 3.386 3.005 2.703 2.668
0.013 -0.05655 9.84510 1.0386785269 2.4806665649    1.037  0.326  3.7803  4.201    1  0.000  0.535     0.00     0.00     0.00     0.00     0.00 -1 -1.95e-13      0.00 7.762e-01 2.131e-01 1.887e-03 5.168e-04 4.706e-03 -1.000 1.072e-02 3.954 4.650 4.574 3.985 3.629 3.326 2.946 2.645 2.610
0.013 -0.05655 9.84510 1.0471271276 2.4822722586    1.046  0.358  3.7805  4.173    1  0.000  0.534     0.00     0.00     0.00     0.00     0.00 -1 -2.13e-13      0.00 7.761e-01 2.132e-01 1.889e-03 5.175e-04 4.713e-03 -1.000 1.072e-02 3.874 4.568 4.492 3.905 3.549 3.247 2.867 2.567 2.532
0.013 -0.05655 9.84510 1.0517575741 2.4831397207    1.050  0.376  3.7805  4.157    1  0.000  0.534     0.00     0.00     0.00     0.00     0.00 -1 -2.24e-13      0.00 7.760e-01 2.132e-01 1.891e-03 5.180e-04 4.717e-03 -1.000 1.073e-02 3.829 4.523 4.446 3.860 3.504 3.201 2.822 2.522 2.486
0.013 -0.05655 9.84510 1.0610964298 2.4848627922    1.060  0.414  3.7798  4.120    1  0.000  0.534     0.00     0.00     0.00     0.00     0.00 -1  -2.5e-13      0.00 7.751e-01 2.141e-01 1.900e-03 5.206e-04 4.742e-03 -1.000 1.081e-02 3.735 4.436 4.355 3.766 3.409 3.106 2.725 2.423 2.388
0.013 -0.05655 9.84510 1.0695680380 2.4863959562    1.068  0.449  3.7785  4.084    1  0.000  0.534     0.00     0.00     0.00     0.00     0.00 -1 -2.78e-13      0.00 7.734e-01 2.156e-01 1.916e-03 5.249e-04 4.781e-03 -1.000 1.093e-02 3.648 4.363 4.275 3.681 3.321 3.016 2.631 2.327 2.291
0.013 -0.05655 9.84510 1.0782178640 2.4879328212    1.077  0.485  3.7754  4.038    2  0.000  0.534     0.00     0.00     0.00     0.00     0.00 -1 -3.13e-13      0.00 7.680e-01 2.209e-01 1.961e-03 5.373e-04 4.893e-03 -1.000 1.115e-02 3.556 4.306 4.200 3.594 3.228 2.918 2.524 2.214 2.176
0.013 -0.05655 9.84510 1.0860002041 2.4892915216    1.084  0.517  3.7704  3.989    2  0.000  0.535     0.00     0.00     0.00     0.00     0.00 -1 -3.51e-13      0.00 7.599e-01 2.286e-01 2.022e-03 5.538e-04 5.043e-03 -1.000 1.146e-02 3.477 4.283 4.149 3.522 3.145 2.827 2.420 2.098 2.059
0.013 -0.05655 9.84510 1.0930391550 2.4905012913    1.091  0.540  3.7617  3.935    2  0.000  0.535     0.00     0.00     0.00     0.00     0.00 -1 -3.88e-13      0.00 7.489e-01 2.392e-01 2.100e-03 5.748e-04 5.231e-03 -1.000 1.190e-02 3.421 4.331 4.144 3.481 3.085 2.753 2.323 1.982 1.938
0.013 -0.05655 9.84510 1.0966484547 2.4911146919    1.095  0.544  3.7538  3.901    2  0.000  0.536     0.00     0.00     0.00     0.00     0.00 -1 -4.05e-13      0.00 7.417e-01 2.462e-01 2.150e-03 5.882e-04 5.350e-03 -1.000 1.214e-02 3.411 4.426 4.185 3.489 3.074 2.729 2.277 1.917 1.870
0.013 -0.05655 9.84510 1.0968276262 2.4911450211    1.095  0.544  3.7534  3.899    2  0.000  0.536     0.00     0.00     0.00     0.00     0.00 -1 -4.06e-13      0.00 7.413e-01 2.466e-01 2.152e-03 5.888e-04 5.356e-03 -1.000 1.215e-02 3.410 4.431 4.187 3.490 3.074 2.728 2.275 1.914 1.867
0.013 -0.05655 9.84510 1.0995179415 2.4915990581    1.098  0.536  3.7436  3.869    2  0.000  0.536     0.00     0.00     0.00     0.00     0.00 -1 -4.12e-13      0.00 7.354e-01 2.522e-01 2.192e-03 5.995e-04 5.451e-03 -1.000 1.241e-02 3.429 4.586 4.268 3.533 3.094 2.733 2.252 1.867 1.816
0.013 -0.05655 9.84510 1.1013482809 2.4919065016    1.099  0.526  3.7349  3.844    2  0.000  0.536     0.00     0.00     0.00     0.00     0.00 -1 -4.13e-13      0.00 7.315e-01 2.559e-01 2.217e-03 6.062e-04 5.511e-03 -1.000 1.253e-02 3.454 4.737 4.351 3.584 3.124 2.749 2.242 1.834 1.781
0.013 -0.05655 9.84510 1.1030430794 2.4921901322    1.101  0.518  3.7256  3.816    2  0.000  0.537     0.00     0.00     0.00     0.00     0.00 -1 -4.17e-13      0.00 7.285e-01 2.589e-01 2.237e-03 6.115e-04 5.557e-03 -1.000 1.263e-02 3.474 4.895 4.437 3.634 3.152 2.762 2.225 1.793 1.736
0.013 -0.05655 9.84510 1.1050601006 2.4925263844    1.103  0.523  3.7154  3.771    2  0.000  0.537     0.00     0.00     0.00     0.00     0.00 -1 -4.41e-13      0.00 7.254e-01 2.619e-01 2.256e-03 6.165e-04 5.601e-03 -1.000 1.273e-02 3.461 5.045 4.502 3.660 3.151 2.744 2.174 1.713 1.652
0.013 -0.05655 9.84510 1.1070470810 2.4928562511    1.105  0.550  3.7075  3.714    2  0.000  0.537     0.00     0.00     0.00     0.00     0.00 -1 -4.96e-13      0.00 7.225e-01 2.647e-01 2.271e-03 6.204e-04 5.635e-03 -1.000 1.282e-02 3.396 5.109 4.499 3.627 3.098 2.677 2.080 1.597 1.533
0.013 -0.05655 9.84510 1.1081444025 2.4930378390    1.106  0.572  3.7042  3.678    2  0.000  0.537     0.00     0.00     0.00     0.00     0.00 -1 -5.45e-13      0.00 7.209e-01 2.663e-01 2.277e-03 6.222e-04 5.651e-03 -1.000 1.284e-02 3.339 5.107 4.469 3.584 3.047 2.619 2.011 1.518 1.453
0.013 -0.05655 9.84510 1.1092865467 2.4932264055    1.107  0.604  3.7017  3.637    3  0.000  0.537     0.00     0.00     0.00     0.00     0.00 -1 -6.11e-13      0.00 7.190e-01 2.681e-01 2.281e-03 6.241e-04 5.665e-03 -1.000 1.286e-02 3.260 5.067 4.411 3.516 2.972 2.540 1.924 1.424 1.357
0.013 -0.05655 9.84510 1.1106086969 2.4934441339    1.109  0.646  3.6994  3.587    3  0.000  0.534     0.00     0.00     0.00     0.00     0.00 -1 -7.09e-13      0.00 7.166e-01 2.706e-01 2.275e-03 6.295e-04 5.678e-03 -1.000 1.288e-02 3.156 4.997 4.326 3.422 2.874 2.437 1.812 1.305 1.238
0.013 -0.05655 9.84510 1.1119794846 2.4936692432    1.110  0.694  3.6974  3.531    3  0.000  0.525     0.00     0.00     0.00     0.00     0.00 -1 -8.41e-13      0.00 7.135e-01 2.736e-01 2.240e-03 6.575e-04 5.690e-03 -1.000 1.295e-02 3.036 4.907 4.223 3.311 2.758 2.317 1.685 1.172 1.104
0.013 -0.05655 9.84510 1.1131089926 2.4938542507    1.111  0.737  3.6959  3.482    3  0.000  0.509     0.00     0.00     0.00     0.00     0.00 -1 -9.81e-13      0.00 7.105e-01 2.764e-01 2.174e-03 7.248e-04 5.698e-03 -1.000 1.301e-02 2.927 4.823 4.127 3.210 2.653 2.209 1.571 1.054 0.985
0.013 -0.05655 9.84510 1.1143617630 2.4940589436    1.112  0.790  3.6943  3.423    3  0.000  0.486     0.00     0.00     0.00     0.00     0.00 -1 -1.18e-12      0.00 7.073e-01 2.797e-01 2.079e-03 8.393e-04 5.705e-03 -1.000 1.302e-02 2.795 4.721 4.011 3.085 2.525 2.078 1.434 0.912 0.842
0.013 -0.05655 9.84510 1.1152549982 2.4942045683    1.113  0.831  3.6931  3.378    3  0.000  0.472     0.00     0.00     0.00     0.00     0.00 -1 -1.37e-12      0.00 7.050e-01 2.820e-01 2.019e-03 9.150e-04 5.710e-03 -1.000 1.302e-02 2.693 4.641 3.920 2.988 2.425 1.975 1.328 0.802 0.732
0.013 -0.05655 9.84510 1.1160951853 2.4943413000    1.114  0.872  3.6918  3.332    3  0.000  0.460     0.00     0.00     0.00     0.00     0.00 -1 -1.58e-12      0.00 7.029e-01 2.840e-01 1.973e-03 9.728e-04 5.714e-03 -1.000 1.304e-02 2.590 4.560 3.828 2.891 2.324 1.872 1.220 0.691 0.620
0.013 -0.05655 9.84510 1.1168895960 2.4944703644    1.115  0.914  3.6905  3.285    3  0.000  0.452     0.00     0.00     0.00     0.00     0.00 -1 -1.83e-12      0.00 7.011e-01 2.859e-01 1.937e-03 1.020e-03 5.717e-03 -1.000 1.304e-02 2.485 4.479 3.736 2.792 2.222 1.768 1.111 0.578 0.507
0.013 -0.05655 9.84510 1.1178039312 2.4946186514    1.116  0.967  3.6889  3.226    3  0.000  0.445     0.00     0.00     0.00     0.00     0.00 -1 -2.21e-12      0.00 6.993e-01 2.876e-01 1.907e-03 1.058e-03 5.719e-03 -1.000 1.308e-02 2.353 4.378 3.620 2.667 2.094 1.636 0.973 0.435 0.364
0.013 -0.05655 9.84510 1.1186456680 2.4947549179    1.116  1.021  3.6870  3.165    3  0.000  0.439     0.00     0.00     0.00     0.00     0.00 -1 -2.68e-12      0.00 6.980e-01 2.890e-01 1.885e-03 1.086e-03 5.721e-03 -1.000 1.305e-02 2.218 4.279 3.504 2.542 1.964 1.502 0.832 0.289 0.217
0.013 -0.05655 9.84510 1.1193964481 2.4948762608    1.117  1.074  3.6851  3.105    3  0.000  0.436     0.00     0.00     0.00     0.00     0.00 -1 -3.24e-12      0.00 6.969e-01 2.900e-01 1.870e-03 1.106e-03 5.723e-03 -1.000 1.310e-02 2.086 4.184 3.392 2.420 1.836 1.370 0.693 0.145 0.072
0.013 -0.05655 9.84510 1.1200380325 2.4949798071    1.118  1.124  3.6832  3.047    3  0.000  0.434     0.00     0.00     0.00     0.00     0.00 -1 -3.88e-12      0.00 6.963e-01 2.906e-01 1.861e-03 1.117e-03 5.723e-03 -1.000 1.307e-02 1.961 4.097 3.287 2.305 1.716 1.246 0.562 0.008 -0.066
0.013 -0.05655 9.84510 1.1206414700 2.4950770723    1.118  1.175  3.6811  2.988    3  0.000  0.432     0.00     0.00     0.00     0.00     0.00 -1 -4.67e-12      0.00 6.958e-01 2.911e-01 1.854e-03 1.126e-03 5.724e-03 -1.000 1.310e-02 1.832 4.011 3.179 2.187 1.592 1.118 0.426 -0.134 -0.209
0.013 -0.05655 9.84510 1.1211934090 2.4951659313    1.119  1.228  3.6788  2.926    3  0.000  0.431     0.00     0.00     0.00     0.00     0.00 -1 -5.65e-12      0.00 6.957e-01 2.913e-01 1.852e-03 1.129e-03 5.724e-03 -1.000 1.308e-02 1.701 3.925 3.071 2.068 1.468 0.988 0.288 -0.279 -0.356
0.013 -0.05655 9.84510 1.1216677427 2.4952422160    1.119  1.277  3.6766  2.868    3  0.000  0.431     0.00     0.00     0.00     0.00     0.00 -1 -6.77e-12      0.00 6.956e-01 2.914e-01 1.850e-03 1.131e-03 5.724e-03 -1.000 1.308e-02 1.577 3.846 2.970 1.957 1.350 0.866 0.157 -0.417 -0.495
0.013 -0.05655 9.84510 1.1220898628 2.4953100410    1.119  1.326  3.6743  2.810    3  0.000  0.431     0.00     0.00     0.00     0.00     0.00 -1 -8.09e-12      0.00 6.956e-01 2.914e-01 1.850e-03 1.132e-03 5.724e-03 -1.000 1.308e-02 1.455 3.771 2.873 1.849 1.235 0.746 0.029 -0.552 -0.631
0.013 -0.05655 9.84510 1.1224806309 2.4953727762    1.120  1.375  3.6719  2.752    3  0.000  0.431     0.00     0.00     0.00     0.00     0.00 -1 -9.69e-12      0.00 6.955e-01 2.914e-01 1.849e-03 1.132e-03 5.724e-03 -1.000 1.307e-02 1.333 3.697 2.774 1.740 1.119 0.625 -0.101 -0.690 -0.770
0.013 -0.05655 9.84510 1.1228369474 2.4954299367    1.120  1.424  3.6694  2.693    3  0.000  0.431     0.00     0.00     0.00     0.00     0.00 -1 -1.16e-11      0.00 6.955e-01 2.914e-01 1.849e-03 1.133e-03 5.725e-03 -1.000 1.307e-02 1.211 3.625 2.678 1.632 1.005 0.506 -0.231 -0.826 -0.908
0.013 -0.05655 9.84510 1.1231653690 2.4954825853    1.120  1.472  3.6669  2.635    3  0.000  0.431     0.00     0.00     0.00     0.00     0.00 -1 -1.38e-11      0.00 6.955e-01 2.914e-01 1.849e-03 1.133e-03 5.725e-03 -1.000 1.307e-02 1.090 3.558 2.585 1.527 0.892 0.387 -0.359 -0.962 -1.046
0.013 -0.05655 9.84510 1.1234666109 2.4955308457    1.120  1.519  3.6644  2.578    3  0.000  0.431     0.00     0.00     0.00     0.00     0.00 -1 -1.65e-11      0.00 6.955e-01 2.914e-01 1.849e-03 1.133e-03 5.725e-03 -1.000 1.307e-02 0.972 3.493 2.494 1.424 0.783 0.272 -0.484 -1.095 -1.181
0.013 -0.05655 9.84510 1.1237561703 2.4955772064    1.121  1.565  3.6619  2.522    3  0.000  0.430     0.00     0.00     0.00     0.00     0.00 -1 -1.95e-11      0.00 6.955e-01 2.914e-01 1.848e-03 1.134e-03 5.725e-03 -1.000 1.307e-02 0.856 3.431 2.407 1.325 0.676 0.159 -0.606 -1.225 -1.312
0.013 -0.05655 9.84510 1.1241005659 2.4956323111    1.121  1.610  3.6594  2.467    3  0.000  0.430     0.00     0.00     0.00     0.00     0.00 -1 -2.31e-11      0.00 6.955e-01 2.914e-01 1.848e-03 1.134e-03 5.725e-03 -1.000 1.307e-02 0.744 3.382 2.325 1.229 0.572 0.050 -0.726 -1.352 -1.441
0.013 -0.05655 9.84510 1.1242169142 2.4956509185    1.121  1.620  3.6589  2.456    3  0.000  0.430     0.00     0.00     0.00     0.00     0.00 -1  -2.4e-11      0.00 6.955e-01 2.914e-01 1.848e-03 1.134e-03 5.725e-03 -1.000 1.307e-02 0.721 3.372 2.308 1.208 0.550 0.026 -0.751 -1.379 -1.468
0.013 -0.05655 9.84510 1.1244131327 2.4956822894    1.121  1.597  3.6606  2.485    3  0.000  0.430     0.00     0.00     0.00     0.00     0.00 -1 -2.23e-11      0.00 6.955e-01 2.914e-01 1.848e-03 1.135e-03 5.725e-03 -1.000 1.307e-02 0.778 3.385 2.344 1.255 0.602 0.082 -0.688 -1.311 -1.399
0.013 -0.05655 9.84510 1.1245598793 2.4957057427    1.121  1.560  3.6630  2.531    3  0.000  0.430     0.00     0.00     0.00     0.00     0.00 -1 -1.95e-11      0.00 6.955e-01 2.914e-01 1.848e-03 1.135e-03 5.725e-03 -1.000 1.307e-02 0.869 3.419 2.407 1.330 0.685 0.171 -0.590 -1.206 -1.292
0.013 -0.05655 9.84510 1.1246242523 2.4957160287    1.121  1.543  3.6641  2.553    3  0.000  0.430     0.00     0.00     0.00     0.00     0.00 -1 -1.82e-11      0.00 6.955e-01 2.914e-01 1.848e-03 1.135e-03 5.725e-03 -1.000 1.307e-02 0.912 3.438 2.438 1.366 0.724 0.212 -0.544 -1.157 -1.242
0.013 -0.05655 9.84510 1.1246616840 2.4957220091    1.121  1.550  3.6637  2.544    3  0.000  0.430     0.00     0.00     0.00     0.00     0.00 -1 -1.86e-11      0.00 6.955e-01 2.914e-01 1.847e-03 1.135e-03 5.725e-03 -1.000 1.307e-02 0.895 3.429 2.425 1.351 0.708 0.196 -0.562 -1.176 -1.262
0.013 -0.05655 9.84510 1.1248865128 2.4957579205    1.121  1.597  3.6610  2.487    3  0.000  0.430     0.00     0.00     0.00     0.00     0.00 -1 -2.18e-11      0.00 6.955e-01 2.914e-01 1.847e-03 1.135e-03 5.725e-03 -1.000 1.307e-02 0.779 3.374 2.339 1.252 0.601 0.082 -0.686 -1.308 -1.396
0.013 -0.05655 9.84510 1.1251113415 2.4957938153    1.121  1.642  3.6584  2.431    3  0.000  0.430     0.00     0.00     0.00     0.00     0.00 -1 -2.59e-11      0.00 6.955e-01 2.914e-01 1.847e-03 1.135e-03 5.725e-03 -1.000 1.307e-02 0.664 3.335 2.260 1.155 0.495 -0.030 -0.809 -1.438 -1.528
0.013 -0.05655 9.84510 1.1253269911 2.4958282291    1.121  1.689  3.6556  2.373    3  0.000  0.430     0.00     0.00     0.00     0.00     0.00 -1 -3.07e-11      0.00 6.955e-01 2.914e-01 1.847e-03 1.136e-03 5.725e-03 -1.000 1.307e-02 0.548 3.300 2.181 1.059 0.388 -0.144 -0.934 -1.571 -1.662
0.013 -0.05655 9.84510 1.1255269051 2.4958601183    1.121  1.735  3.6528  2.316    3  0.000  0.430     0.00     0.00     0.00     0.00     0.00 -1 -3.66e-11      0.00 6.955e-01 2.914e-01 1.847e-03 1.136e-03 5.725e-03 -1.000 1.307e-02 0.432 3.265 2.104 0.963 0.281 -0.257 -1.058 -1.704 -1.796
0.013 -0.05655 9.84510 1.1257061958 2.4958887066    1.121  1.780  3.6500  2.260    3  0.000  0.430     0.00     0.00     0.00     0.00     0.00 -1 -4.33e-11      0.00 6.955e-01 2.914e-01 1.847e-03 1.136e-03 5.725e-03 -1.000 1.307e-02 0.319 3.235 2.030 0.870 0.179 -0.366 -1.179 -1.833 -1.927
0.013 -0.05655 9.84510 1.1258755922 2.4959157077    1.121  1.826  3.6472  2.202    3  0.000  0.430     0.00     0.00     0.00     0.00     0.00 -1 -5.14e-11      0.00 6.955e-01 2.914e-01 1.846e-03 1.136e-03 5.725e-03 -1.000 1.307e-02 0.204 3.208 1.957 0.778 0.075 -0.478 -1.302 -1.965 -2.061
0.013 -0.05655 9.84510 1.1260282993 2.4959400406    1.121  1.871  3.6443  2.146    3  0.000  0.430     0.00     0.00     0.00     0.00     0.00 -1 -6.08e-11      0.00 6.955e-01 2.914e-01 1.846e-03 1.136e-03 5.725e-03 -1.000 1.307e-02 0.092 3.183 1.886 0.688 -0.025 -0.586 -1.422 -2.093 -2.192
0.013 -0.05655 9.84510 1.1261682510 2.4959623343    1.121  1.916  3.6415  2.090    3  0.000  0.430     0.00     0.00     0.00     0.00     0.00 -1 -7.19e-11      0.00 6.955e-01 2.915e-01 1.846e-03 1.137e-03 5.725e-03 -1.000 1.307e-02 -0.019 3.160 1.817 0.600 -0.125 -0.693 -1.541 -2.221 -2.322
0.013 -0.05655 9.84510 1.1262984276 2.4959830652    1.121  1.960  3.6386  2.034    3  0.000  0.430     0.00     0.00     0.00     0.00     0.00 -1  -8.5e-11      0.00 6.955e-01 2.915e-01 1.846e-03 1.137e-03 5.725e-03 -1.000 1.307e-02 -0.131 3.140 1.750 0.513 -0.223 -0.801 -1.660 -2.350 -2.452
0.013 -0.05655 9.84510 1.1264159679 2.4960017789    1.121  2.004  3.6356  1.978    3  0.000  0.430     0.00     0.00     0.00     0.00     0.00 -1    -1e-10      0.00 6.955e-01 2.915e-01 1.846e-03 1.137e-03 5.725e-03 -1.000 1.307e-02 -0.241 3.114 1.686 0.428 -0.318 -0.905 -1.777 -2.474 -2.579
0.013 -0.05655 9.84510 1.1265250444 2.4960191412    1.121  2.049  3.6326  1.922    3  0.000  0.430     0.00     0.00     0.00     0.00     0.00 -1 -1.19e-10      0.00 6.955e-01 2.915e-01 1.846e-03 1.137e-03 5.725e-03 -1.000 1.307e-02 -0.351 3.069 1.622 0.340 -0.413 -1.009 -1.893 -2.595 -2.705
0.013 -0.05655 9.84510 1.1266231537 2.4960347544    1.121  2.092  3.6297  1.866    3  0.000  0.430     0.00     0.00     0.00     0.00     0.00 -1  -1.4e-10      0.00 6.955e-01 2.915e-01 1.846e-03 1.137e-03 5.725e-03 -1.000 1.307e-02 -0.459 3.025 1.560 0.255 -0.506 -1.109 -2.006 -2.712 -2.828
0.013 -0.05655 9.84510 1.1267141104 2.4960492265    1.121  2.135  3.6266  1.811    3  0.000  0.430     0.00     0.00     0.00     0.00     0.00 -1 -1.64e-10      0.00 6.955e-01 2.915e-01 1.846e-03 1.137e-03 5.725e-03 -1.000 1.307e-02 -0.567 2.978 1.498 0.171 -0.596 -1.209 -2.120 -2.830 -2.951
0.013 -0.05655 9.84510 1.1267975569 2.4960625014    1.120  2.178  3.6236  1.756    3  0.000  0.430     0.00     0.00     0.00     0.00     0.00 -1 -1.94e-10      0.00 6.955e-01 2.915e-01 1.846e-03 1.137e-03 5.725e-03 -1.000 1.307e-02 -0.675 2.929 1.436 0.088 -0.686 -1.308 -2.232 -2.947 -3.074
0.013 -0.05655 9.84510 1.1268738508 2.4960746364    1.120  2.220  3.6206  1.701    3  0.000  0.430     0.00     0.00     0.00     0.00     0.00 -1 -2.27e-10      0.00 6.955e-01 2.915e-01 1.846e-03 1.137e-03 5.725e-03 -1.000 1.307e-02 -0.780 2.881 1.374 0.006 -0.775 -1.405 -2.343 -3.063 -3.195
0.013 -0.05655 9.84510 1.1269452572 2.4960859923    1.120  2.263  3.6175  1.646    3  0.000  0.430     0.00     0.00     0.00     0.00     0.00 -1 -2.68e-10      0.00 6.955e-01 2.915e-01 1.846e-03 1.138e-03 5.725e-03 -1.000 1.307e-02 -0.887 2.830 1.313 -0.074 -0.862 -1.503 -2.455 -3.179 -3.318
0.013 -0.05655 9.84510 1.1270090342 2.4960961335    1.119  2.304  3.6145  1.593    3  0.000  0.430     0.00     0.00     0.00     0.00     0.00 -1 -3.13e-10      0.00 6.955e-01 2.915e-01 1.845e-03 1.138e-03 5.725e-03 -1.000 1.307e-02 -0.990 2.781 1.254 -0.151 -0.946 -1.596 -2.563 -3.291 -3.436
0.013 -0.05655 9.84510 1.1270691156 2.4961056858    1.119  2.346  3.6114  1.538    3  0.000  0.430     0.00     0.00     0.00     0.00     0.00 -1 -3.67e-10      0.00 6.955e-01 2.915e-01 1.845e-03 1.138e-03 5.725e-03 -1.000 1.307e-02 -1.095 2.733 1.195 -0.228 -1.030 -1.690 -2.672 -3.406 -3.558
0.013 -0.05655 9.84510 1.1271249056 2.4961145548    1.118  2.388  3.6082  1.484    3  0.000  0.430     0.00     0.00     0.00     0.00     0.00 -1 -4.31e-10      0.00 6.955e-01 2.915e-01 1.845e-03 1.138e-03 5.725e-03 -1.000 1.307e-02 -1.200 2.697 1.138 -0.302 -1.113 -1.785 -2.782 -3.522 -3.680
0.013 -0.05655 9.84510 1.1271750927 2.4961225323    1.118  2.428  3.6051  1.430    3  0.000  0.430     0.00     0.00     0.00     0.00     0.00 -1 -5.04e-10      0.00 6.955e-01 2.915e-01 1.845e-03 1.138e-03 5.725e-03 -1.000 1.307e-02 -1.301 2.698 1.093 -0.366 -1.190 -1.878 -2.890 -3.639 -3.802
0.013 -0.05655 9.84510 1.1272222996 2.4961300353    1.117  2.469  3.6019  1.377    3  0.000  0.430     0.00     0.00     0.00     0.00     0.00 -1  -5.9e-10      0.00 6.955e-01 2.915e-01 1.845e-03 1.138e-03 5.725e-03 -1.000 1.307e-02 -1.403 2.700 1.047 -0.430 -1.268 -1.972 -3.000 -3.758 -3.925
0.013 -0.05655 9.84510 1.1272654533 2.4961368934    1.117  2.510  3.5988  1.323    3  0.000  0.430    10.90     8.00     5.63     4.32     3.51  4 -6.89e-10      0.00 6.955e-01 2.915e-01 1.845e-03 1.138e-03 5.725e-03 -1.000 1.307e-02 -1.504 2.700 1.004 -0.491 -1.343 -2.064 -3.108 -3.874 -4.046
0.013 -0.05655 9.84510 1.1273049116 2.4961431638    1.116  2.549  3.5956  1.271    3  0.000  0.430    12.16     8.80     6.17     4.74     3.85  4 -8.03e-10      0.00 6.955e-01 2.915e-01 1.845e-03 1.138e-03 5.725e-03 -1.000 1.307e-02 -1.603 2.701 0.965 -0.545 -1.411 -2.154 -3.214 -3.990 -4.167
0.013 -0.05655 9.84510 1.1273417473 2.4961490169    1.116  2.589  3.5923  1.218    3  0.000  0.430    13.56     9.68     6.76     5.20     4.22  4 -9.37e-10      0.00 6.955e-01 2.915e-01 1.845e-03 1.138e-03 5.725e-03 -1.000 1.307e-02 -1.702 2.702 0.927 -0.600 -1.480 -2.244 -3.321 -4.105 -4.287
0.013 -0.05655 9.84510 1.1273753643 2.4961543582    1.115  2.628  3.5892  1.166    3  0.000  0.430    15.09    10.63     7.38     5.69     4.62  3 -1.09e-09      0.00 6.955e-01 2.915e-01 1.845e-03 1.138e-03 5.725e-03 -1.000 1.307e-02 -1.799 2.703 0.891 -0.651 -1.546 -2.331 -3.425 -4.218 -4.405
0.013 -0.05655 9.84510 1.1274065971 2.4961593203    1.114  2.666  3.5859  1.114    3  0.000  0.430    16.80    11.67     8.07     6.23     5.06  3 -1.27e-09      0.00 6.955e-01 2.915e-01 1.845e-03 1.138e-03 5.725e-03 -1.000 1.307e-02 -1.895 2.703 0.862 -0.693 -1.604 -2.416 -3.529 -4.330 -4.522
0.013 -0.05655 9.84510 1.1274359226 2.4961639791    1.113  2.704  3.5826  1.062    3  0.000  0.430    18.70    12.82     8.83     6.82     5.55  3 -1.47e-09      0.00 6.955e-01 2.915e-01 1.845e-03 1.138e-03 5.725e-03 -1.000 1.307e-02 -1.991 2.706 0.833 -0.735 -1.662 -2.501 -3.632 -4.442 -4.639
0.013 -0.05655 9.84510 1.1274628639 2.4961682589    1.112  2.742  3.5793  1.011    3  0.000  0.430    20.78    14.06     9.64     7.46     6.07  3  -1.7e-09      0.00 6.955e-01 2.915e-01 1.845e-03 1.138e-03 5.725e-03 -1.000 1.307e-02 -2.085 2.708 0.808 -0.772 -1.716 -2.583 -3.733 -4.553 -4.755
0.013 -0.05655 9.84510 1.1274935007 2.4961731255    1.111  2.787  3.5751  0.949    3  0.000  0.430    23.64    15.73    10.73     8.32     6.77  3 -2.03e-09      0.00 6.955e-01 2.915e-01 1.845e-03 1.138e-03 5.725e-03 -1.000 1.307e-02 -2.198 2.711 0.791 -0.800 -1.767 -2.681 -3.858 -4.687 -4.895
0.013 -0.05655 9.84510 1.1275216341 2.4961775942    1.109  2.832  3.5709  0.887    3  0.000  0.430    26.88    17.60    11.95     9.28     7.55  3 -2.43e-09      0.00 6.955e-01 2.915e-01 1.845e-03 1.138e-03 5.725e-03 -1.000 1.307e-02 -2.310 2.718 0.777 -0.824 -1.816 -2.777 -3.981 -4.820 -5.035
0.013 -0.05655 9.84510 1.1275477409 2.4961817407    1.108  2.877  3.5667  0.825    3  0.000  0.430    30.56    19.68    13.29    10.34     8.41  3  -2.9e-09      0.00 6.955e-01 2.915e-01 1.845e-03 1.138e-03 5.725e-03 -1.000 1.307e-02 -2.422 2.721 0.775 -0.829 -1.851 -2.869 -4.105 -4.953 -5.175
0.013 -0.05655 9.84510 1.1275715828 2.4961855273    1.106  2.920  3.5624  0.763    3  0.000  0.430    34.69    21.98    14.77    11.51     9.37  2 -3.45e-09      0.00 6.955e-01 2.915e-01 1.845e-03 1.138e-03 5.725e-03 -1.000 1.307e-02 -2.531 2.724 0.778 -0.827 -1.879 -2.957 -4.227 -5.083 -5.312
0.013 -0.05655 9.84510 1.1275936365 2.4961890297    1.104  2.963  3.5581  0.702    3  0.000  0.430    39.35    24.53    16.41    12.81    10.43  2 -4.11e-09      0.00 6.955e-01 2.915e-01 1.845e-03 1.138e-03 5.725e-03 -1.000 1.307e-02 -2.638 2.726 0.793 -0.811 -1.898 -3.040 -4.347 -5.212 -5.448
0.013 -0.05655 9.84510 1.1276139021 2.4961922481    1.102  3.006  3.5538  0.642    3  0.000  0.430    44.55    27.34    18.19    14.23    11.58  2 -4.87e-09      0.00 6.955e-01 2.915e-01 1.845e-03 1.138e-03 5.725e-03 -1.000 1.307e-02 -2.744 2.727 0.819 -0.778 -1.904 -3.118 -4.465 -5.339 -5.582
0.013 -0.05655 9.84510 1.1276323795 2.4961951823    1.100  3.046  3.5495  0.583    3  0.000  0.430    50.29    30.38    20.12    15.76    12.84  2 -5.75e-09      0.00 6.955e-01 2.915e-01 1.845e-03 1.138e-03 5.725e-03 -1.000 1.307e-02 -2.845 2.731 0.851 -0.738 -1.905 -3.189 -4.579 -5.461 -5.712
0.013 -0.05655 9.84510 1.1276494265 2.4961978893    1.098  3.086  3.5452  0.525    3  0.000  0.430    56.70    33.73    22.23    17.44    14.21  2 -6.77e-09      0.00 6.955e-01 2.915e-01 1.845e-03 1.138e-03 5.725e-03 -1.000 1.307e-02 -2.945 2.732 0.903 -0.670 -1.887 -3.248 -4.692 -5.582 -5.840
0.013 -0.05655 9.84510 1.1276655197 2.4962004447    1.095  3.126  3.5409  0.467    3  0.000  0.430    63.91    37.44    24.56    19.30    15.72  2 -7.98e-09      0.00 6.955e-01 2.915e-01 1.845e-03 1.138e-03 5.725e-03 -1.000 1.307e-02 -3.044 2.736 0.960 -0.597 -1.867 -3.307 -4.806 -5.702 -5.967
0.013 -0.05655 9.84510 1.1276801825 2.4962027729    1.092  3.164  3.5365  0.410    3  0.000  0.430    71.91    41.49    27.09    21.32    17.38  2 -9.37e-09      0.00 6.955e-01 2.915e-01 1.845e-03 1.138e-03 5.725e-03 -1.000 1.307e-02 -3.141 2.740 1.041 -0.494 -1.828 -3.350 -4.917 -5.819 -6.093
0.013 -0.05655 9.84510 1.1276941299 2.4962049875    1.089  3.203  3.5321  0.353    3  0.000  0.430    80.97    46.00    29.90    23.57    19.21  2  -1.1e-08      0.00 6.955e-01 2.915e-01 1.845e-03 1.138e-03 5.725e-03 -1.000 1.307e-02 -3.237 2.744 1.129 -0.382 -1.785 -3.388 -5.029 -5.937 -6.218
0.013 -0.05655 9.84510 1.1277070045 2.4962070317    1.086  3.240  3.5277  0.296    3  0.000  0.430    90.93    50.88    32.92    25.99    21.19  1 -1.29e-08      0.00 6.955e-01 2.915e-01 1.845e-03 1.138e-03 5.725e-03 -1.000 1.307e-02 -3.330 2.749 1.236 -0.247 -1.727 -3.409 -5.137 -6.050 -6.340
0.013 -0.05655 9.84510 1.1277190447 2.4962089433    1.082  3.276  3.5233  0.241    3  0.000  0.430   101.91    56.17    36.18    28.61    23.33  1 -1.51e-08      0.00 6.955e-01 2.915e-01 1.845e-03 1.138e-03 5.725e-03 -1.000 1.307e-02 -3.420 2.755 1.357 -0.095 -1.660 -3.414 -5.243 -6.160 -6.459
0.013 -0.05655 9.84510 1.1277303696 2.4962107413    1.078  3.312  3.5188  0.186    3  0.000  0.430   114.26    62.04    39.77    31.51    25.70  1 -1.76e-08      0.00 6.955e-01 2.915e-01 1.845e-03 1.138e-03 5.725e-03 -1.000 1.307e-02 -3.511 2.764 1.496 0.080 -1.578 -3.407 -5.348 -6.270 -6.578
0.013 -0.05655 9.84510 1.1277409792 2.4962124258    1.073  3.347  3.5144  0.132    3  0.000  0.430   127.74    68.34    43.62    34.61    28.23  0 -2.05e-08      0.00 6.955e-01 2.915e-01 1.845e-03 1.138e-03 5.725e-03 -1.000 1.307e-02 -3.597 2.773 1.656 0.290 -1.475 -3.370 -5.449 -6.375 -6.693
0.013 -0.05655 9.84510 1.1277511120 2.4962140345    1.068  3.381  3.5101  0.078    3  0.000  0.430   142.62    75.19    47.77    37.96    30.98  0 -2.38e-08      0.00 6.955e-01 2.915e-01 1.845e-03 1.138e-03 5.725e-03 -1.000 1.307e-02 -3.682 2.782 1.816 0.499 -1.370 -3.332 -5.548 -6.479 -6.805
0.013 -0.05655 9.84510 1.1277569532 2.4962149618    1.065  3.398  3.5079  0.051    3  0.000  0.430   150.77    78.89    50.02    39.78    32.46  0 -2.59e-08      0.00 6.955e-01 2.915e-01 1.845e-03 1.138e-03 5.725e-03 -1.000 1.307e-02 -3.725 2.782 1.881 0.585 -1.330 -3.316 -5.598 -6.530 -6.861
0.013 -0.05655 9.84510 1.1277569532 2.4962149618    1.065  1.711  3.6724  2.396    4  0.000  0.446     0.00     0.00     0.00     0.00     0.00 -1    -1e-30      0.00 6.967e-01 2.903e-01 1.913e-03 1.052e-03 5.718e-03 -1.000 1.307e-02 0.493 2.856 1.936 0.889 0.278 -0.214 -0.941 -1.523 -1.604
0.013 -0.05655 9.84510 1.1278890371 2.4962359283    1.065  1.720  3.6716  2.384    4  0.000  0.446     0.00     0.00     0.00     0.00     0.00 -1    -1e-30      0.00 6.967e-01 2.903e-01 1.913e-03 1.052e-03 5.718e-03 -1.000 1.307e-02 0.470 2.851 1.921 0.869 0.256 -0.238 -0.967 -1.551 -1.632
0.013 -0.05655 9.84510 1.1280236244 2.4962572863    1.065  1.724  3.6714  2.379    4  0.000  0.446     0.00     0.00     0.00     0.00     0.00 -1    -1e-30      0.00 6.967e-01 2.903e-01 1.913e-03 1.052e-03 5.718e-03 -1.000 1.307e-02 0.459 2.846 1.913 0.860 0.246 -0.248 -0.979 -1.563 -1.644
0.013 -0.05655 9.84510 1.1281585693 2.4962786952    1.065  1.724  3.6716  2.379    4  0.000  0.446     0.00     0.00     0.00     0.00     0.00 -1    -1e-30      0.00 6.967e-01 2.903e-01 1.913e-03 1.052e-03 5.718e-03 -1.000 1.307e-02 0.459 2.842 1.911 0.858 0.246 -0.249 -0.978 -1.562 -1.643
0.013 -0.05655 9.84510 1.1282951832 2.4963003629    1.065  1.723  3.6720  2.383    4  0.000  0.446     0.00     0.00     0.00     0.00     0.00 -1    -1e-30      0.00 6.966e-01 2.903e-01 1.913e-03 1.053e-03 5.718e-03 -1.000 1.307e-02 0.463 2.837 1.910 0.860 0.249 -0.245 -0.973 -1.556 -1.636
0.013 -0.05655 9.84510 1.1284313202 2.4963219490    1.065  1.721  3.6725  2.387    4  0.000  0.446     0.00     0.00     0.00     0.00     0.00 -1    -1e-30      0.00 6.966e-01 2.903e-01 1.913e-03 1.053e-03 5.719e-03 -1.000 1.307e-02 0.469 2.831 1.911 0.863 0.253 -0.239 -0.966 -1.547 -1.628
0.013 -0.05655 9.84510 1.1285705566 2.4963440203    1.066  1.718  3.6730  2.391    4  0.000  0.446     0.00     0.00     0.00     0.00     0.00 -1    -1e-30      0.00 6.966e-01 2.903e-01 1.913e-03 1.053e-03 5.719e-03 -1.000 1.307e-02 0.475 2.825 1.911 0.866 0.258 -0.234 -0.958 -1.538 -1.618
0.013 -0.05655 9.84510 1.1287072897 2.4963656887    1.066  1.716  3.6734  2.396    4  0.000  0.446     0.00     0.00     0.00     0.00     0.00 -1    -1e-30      0.00 6.966e-01 2.903e-01 1.912e-03 1.053e-03 5.719e-03 -1.000 1.307e-02 0.481 2.820 1.912 0.869 0.262 -0.228 -0.951 -1.529 -1.609
0.013 -0.05655 9.84510 1.1288431883 2.4963872189    1.066  1.714  3.6739  2.400    4  0.000  0.446     0.00     0.00     0.00     0.00     0.00 -1    -1e-30      0.00 6.966e-01 2.903e-01 1.912e-03 1.053e-03 5.719e-03 -1.000 1.307e-02 0.486 2.816 1.913 0.872 0.267 -0.223 -0.944 -1.521 -1.601
0.013 -0.05655 9.84510 1.1289778948 2.4964085543    1.066  1.712  3.6743  2.403    4  0.000  0.446     0.00     0.00     0.00     0.00     0.00 -1    -1e-30      0.00 6.966e-01 2.903e-01 1.912e-03 1.054e-03 5.719e-03 -1.000 1.308e-02 0.491 2.811 1.913 0.875 0.270 -0.218 -0.938 -1.514 -1.594
0.013 -0.05655 9.84510 1.1291218996 2.4964313560    1.066  1.710  3.6746  2.406    4  0.000  0.446     0.00     0.00     0.00     0.00     0.00 -1    -1e-30      0.00 6.966e-01 2.903e-01 1.912e-03 1.054e-03 5.719e-03 -1.000 1.308e-02 0.495 2.806 1.913 0.877 0.274 -0.214 -0.933 -1.508 -1.587
0.013 -0.05655 9.84510 1.1292614937 2.4964534529    1.066  1.709  3.6750  2.409    4  0.000  0.446     0.00     0.00     0.00     0.00     0.00 -1    -1e-30      0.00 6.966e-01 2.903e-01 1.912e-03 1.054e-03 5.719e-03 -1.000 1.308e-02 0.499 2.802 1.913 0.878 0.276 -0.211 -0.928 -1.502 -1.581
0.013 -0.05655 9.84510 1.1294053793 2.4964762225    1.067  1.707  3.6753  2.412    4  0.000  0.446     0.00     0.00     0.00     0.00     0.00 -1    -1e-30      0.00 6.966e-01 2.903e-01 1.912e-03 1.054e-03 5.719e-03 -1.000 1.308e-02 0.502 2.797 1.912 0.879 0.279 -0.208 -0.924 -1.497 -1.575
0.013 -0.05655 9.84510 1.1295472383 2.4964986649    1.067  1.706  3.6756  2.414    4  0.000  0.446     0.00     0.00     0.00     0.00     0.00 -1    -1e-30      0.00 6.966e-01 2.903e-01 1.912e-03 1.054e-03 5.719e-03 -1.000 1.308e-02 0.504 2.793 1.911 0.880 0.280 -0.206 -0.920 -1.492 -1.571
0.013 -0.05655 9.84510 1.1296408176 2.4965134658    1.067  1.706  3.6758  2.416    4  0.000  0.446     0.00     0.00     0.00     0.00     0.00 -1    -1e-30      0.00 6.966e-01 2.903e-01 1.911e-03 1.055e-03 5.719e-03 -1.000 1.308e-02 0.506 2.790 1.911 0.880 0.281 -0.204 -0.918 -1.490 -1.568
0.013 -0.05655 9.84510 1.1296728849 2.4965185370    1.067  1.706  3.6758  2.416    4  0.000  0.446     0.00     0.00     0.00     0.00     0.00 -1    -1e-30      0.00 6.966e-01 2.903e-01 1.911e-03 1.055e-03 5.719e-03 -1.000 1.308e-02 0.506 2.789 1.910 0.880 0.281 -0.204 -0.918 -1.489 -1.568
0.013 -0.05655 9.84510 1.1298102140 2.4965402511    1.067  1.705  3.6761  2.418    4  0.000  0.446     0.00     0.00     0.00     0.00     0.00 -1    -1e-30      0.00 6.966e-01 2.903e-01 1.911e-03 1.055e-03 5.719e-03 -1.000 1.308e-02 0.508 2.785 1.909 0.881 0.282 -0.203 -0.916 -1.486 -1.565
0.013 -0.05655 9.84510 1.1299415827 2.4965610170    1.067  1.705  3.6763  2.419    4  0.000  0.446     0.00     0.00     0.00     0.00     0.00 -1    -1e-30      0.00 6.966e-01 2.903e-01 1.911e-03 1.055e-03 5.719e-03 -1.000 1.308e-02 0.508 2.782 1.908 0.880 0.283 -0.202 -0.914 -1.484 -1.562
0.013 -0.05655 9.84510 1.1300722361 2.4965816643    1.067  1.705  3.6764  2.419    4  0.000  0.446     0.00     0.00     0.00     0.00     0.00 -1    -1e-30      0.00 6.966e-01 2.903e-01 1.911e-03 1.055e-03 5.719e-03 -1.000 1.308e-02 0.509 2.778 1.907 0.880 0.282 -0.202 -0.913 -1.483 -1.561
0.013 -0.05655 9.84510 1.1302096844 2.4966033795    1.068  1.705  3.6765  2.420    4  0.000  0.445     0.00     0.00     0.00     0.00     0.00 -1    -1e-30      0.00 6.966e-01 2.903e-01 1.911e-03 1.055e-03 5.719e-03 -1.000 1.308e-02 0.508 2.775 1.905 0.878 0.282 -0.202 -0.914 -1.483 -1.561
0.013 -0.05655 9.84510 1.1303398609 2.4966239403    1.068  1.705  3.6766  2.420    4  0.000  0.445     0.00     0.00     0.00     0.00     0.00 -1    -1e-30      0.00 6.966e-01 2.903e-01 1.911e-03 1.056e-03 5.719e-03 -1.000 1.308e-02 0.507 2.773 1.903 0.877 0.280 -0.204 -0.915 -1.484 -1.562
0.013 -0.05655 9.84510 1.1304807663 2.4966461895    1.068  1.706  3.6766  2.419    4  0.000  0.445     0.00     0.00     0.00     0.00     0.00 -1    -1e-30      0.00 6.966e-01 2.904e-01 1.911e-03 1.056e-03 5.719e-03 -1.000 1.308e-02 0.505 2.770 1.901 0.874 0.278 -0.206 -0.917 -1.485 -1.563
0.013 -0.05655 9.84510 1.1306149960 2.4966673786    1.068  1.707  3.6766  2.418    4  0.000  0.445     0.00     0.00     0.00     0.00     0.00 -1    -1e-30      0.00 6.966e-01 2.904e-01 1.910e-03 1.056e-03 5.719e-03 -1.000 1.308e-02 0.502 2.767 1.898 0.871 0.275 -0.209 -0.920 -1.489 -1.567
0.013 -0.05655 9.84510 1.1306235790 2.4966687333    1.068  1.707  3.6766  2.418    4  0.000  0.445     0.00     0.00     0.00     0.00     0.00 -1    -1e-30      0.00 6.966e-01 2.904e-01 1.910e-03 1.056e-03 5.719e-03 -1.000 1.308e-02 0.502 2.767 1.898 0.871 0.275 -0.209 -0.920 -1.489 -1.567
0.013 -0.05655 9.84510 1.1306841373 2.4966782908    1.068  1.708  3.6766  2.417    4  0.000  0.445     0.00     0.00     0.00     0.00     0.00 -1    -1e-30      0.00 6.966e-01 2.904e-01 1.910e-03 1.056e-03 5.719e-03 -1.000 1.308e-02 0.500 2.766 1.896 0.870 0.273 -0.211 -0.922 -1.491 -1.569
0.013 -0.05655 9.84510 1.1308205128 2.4966998098    1.068  1.710  3.6765  2.415    4  0.000  0.445     0.00     0.00     0.00     0.00     0.00 -1    -1e-30      0.00 6.966e-01 2.904e-01 1.910e-03 1.056e-03 5.719e-03 -1.000 1.308e-02 0.495 2.764 1.893 0.865 0.268 -0.215 -0.927 -1.496 -1.574
0.013 -0.05655 9.84510 1.1309509277 2.4967203826    1.068  1.712  3.6763  2.412    4  0.000  0.445     0.00     0.00     0.00     0.00     0.00 -1    -1e-30      0.00 6.966e-01 2.904e-01 1.910e-03 1.057e-03 5.720e-03 -1.000 1.308e-02 0.489 2.763 1.889 0.860 0.263 -0.221 -0.933 -1.503 -1.581
0.013 -0.05655 9.84510 1.1310822964 2.4967411004    1.069  1.715  3.6761  2.408    4  0.000  0.445     0.00     0.00     0.00     0.00     0.00 -1    -1e-30      0.00 6.965e-01 2.904e-01 1.910e-03 1.057e-03 5.720e-03 -1.000 1.308e-02 0.482 2.761 1.884 0.854 0.256 -0.229 -0.942 -1.512 -1.590
0.013 -0.05655 9.84510 1.1312135458 2.4967617938    1.069  1.719  3.6758  2.403    4  0.000  0.445     0.00     0.00     0.00     0.00     0.00 -1    -1e-30      0.00 6.965e-01 2.904e-01 1.910e-03 1.057e-03 5.720e-03 -1.000 1.308e-02 0.472 2.760 1.878 0.847 0.247 -0.238 -0.952 -1.524 -1.602
0.013 -0.05655 9.84510 1.1313441992 2.4967823878    1.069  1.724  3.6754  2.397    4  0.000  0.445     0.00     0.00     0.00     0.00     0.00 -1    -1e-30      0.00 6.965e-01 2.904e-01 1.910e-03 1.057e-03 5.720e-03 -1.000 1.308e-02 0.461 2.759 1.872 0.838 0.237 -0.249 -0.965 -1.537 -1.616
0.013 -0.05655 9.84510 1.1314729452 2.4968026757    1.069  1.729  3.6749  2.390    4  0.000  0.445     0.00     0.00     0.00     0.00     0.00 -1    -1e-30      0.00 6.965e-01 2.904e-01 1.910e-03 1.057e-03 5.720e-03 -1.000 1.308e-02 0.448 2.757 1.864 0.828 0.226 -0.262 -0.979 -1.553 -1.632
0.013 -0.05655 9.84510 1.1316010952 2.4968228645    1.069  1.734  3.6744  2.382    4  0.000  0.445     0.00     0.00     0.00     0.00     0.00 -1    -1e-30      0.00 6.965e-01 2.904e-01 1.909e-03 1.058e-03 5.720e-03 -1.000 1.308e-02 0.434 2.756 1.856 0.816 0.213 -0.276 -0.995 -1.570 -1.650
0.013 -0.05655 9.84510 1.1317306757 2.4968432733    1.069  1.741  3.6738  2.373    4  0.000  0.445     0.00     0.00     0.00     0.00     0.00 -1    -1e-30      0.00 6.965e-01 2.904e-01 1.909e-03 1.058e-03 5.720e-03 -1.000 1.308e-02 0.417 2.755 1.847 0.803 0.198 -0.292 -1.013 -1.590 -1.670
0.013 -0.05655 9.84510 1.1318624020 2.4968640146    1.070  1.750  3.6729  2.360    4  0.000  0.445     0.00     0.00     0.00     0.00     0.00 -1    -1e-30      0.00 6.965e-01 2.904e-01 1.909e-03 1.058e-03 5.720e-03 -1.000 1.308e-02 0.394 2.754 1.834 0.786 0.177 -0.314 -1.039 -1.619 -1.699
0.013 -0.05655 9.84510 1.1319837570 2.4968831179    1.070  1.747  3.6733  2.365    4  0.000  0.445     0.00     0.00     0.00     0.00     0.00 -1    -1e-30      0.00 6.965e-01 2.904e-01 1.909e-03 1.058e-03 5.720e-03 -1.000 1.308e-02 0.402 2.753 1.838 0.791 0.184 -0.307 -1.030 -1.609 -1.689
0.013 -0.05655 9.84510 1.1321154833 2.4969038485    1.070  1.768  3.6712  2.336    4  0.000  0.445     0.00     0.00     0.00     0.00     0.00 -1    -1e-30      0.00 6.965e-01 2.904e-01 1.909e-03 1.058e-03 5.720e-03 -1.000 1.308e-02 0.350 2.751 1.809 0.751 0.137 -0.358 -1.089 -1.674 -1.755
0.013 -0.05655 9.84510 1.1322432756 2.4969239547    1.070  1.803  3.6680  2.288    4  0.000  0.445     0.00     0.00     0.00     0.00     0.00 -1    -1e-30      0.00 6.965e-01 2.904e-01 1.909e-03 1.058e-03 5.720e-03 -1.000 1.308e-02 0.262 2.747 1.761 0.683 0.058 -0.444 -1.187 -1.781 -1.864
0.013 -0.05655 9.84510 1.1323113441 2.4969346621    1.070  1.840  3.6645  2.238    4  0.000  0.445     0.00     0.00     0.00     0.00     0.00 -1    -1e-30      0.00 6.965e-01 2.904e-01 1.909e-03 1.059e-03 5.720e-03 -1.000 1.308e-02 0.170 2.747 1.711 0.614 -0.023 -0.533 -1.290 -1.894 -1.979
0.013 -0.05655 9.84510 1.1323481798 2.4969404558    1.070  1.878  3.6610  2.185    4  0.000  0.445     0.00     0.00     0.00     0.00     0.00 -1    -1e-30      0.00 6.965e-01 2.904e-01 1.909e-03 1.059e-03 5.720e-03 -1.000 1.308e-02 0.074 2.744 1.659 0.540 -0.109 -0.626 -1.396 -2.011 -2.098
0.013 -0.05655 9.84510 1.1323679686 2.4969435682    1.070  1.917  3.6575  2.132    4  0.000  0.445     0.00     0.00     0.00     0.00     0.00 -1    -1e-30      0.00 6.965e-01 2.904e-01 1.909e-03 1.059e-03 5.720e-03 -1.000 1.308e-02 -0.023 2.743 1.607 0.468 -0.194 -0.720 -1.504 -2.129 -2.218
0.013 -0.05655 9.84510 1.1323781013 2.4969451618    1.070  1.956  3.6540  2.080    4  0.000  0.445     0.00     0.00     0.00     0.00     0.00 -1    -1e-30      0.00 6.965e-01 2.904e-01 1.909e-03 1.059e-03 5.720e-03 -1.000 1.308e-02 -0.120 2.745 1.558 0.396 -0.278 -0.813 -1.611 -2.247 -2.338
0.013 -0.05655 9.84510 1.1323838234 2.4969460617    1.070  1.995  3.6506  2.027    4  0.000  0.445     0.00     0.00     0.00     0.00     0.00 -1    -1e-30      0.00 6.965e-01 2.904e-01 1.909e-03 1.059e-03 5.720e-03 -1.000 1.308e-02 -0.217 2.746 1.507 0.325 -0.363 -0.905 -1.717 -2.364 -2.458
0.013 -0.05655 9.84510 1.1323872805 2.4969466054    1.070  2.032  3.6473  1.977    4  0.000  0.445     0.00     0.00     0.00     0.00     0.00 -1    -1e-30      0.00 6.965e-01 2.904e-01 1.909e-03 1.059e-03 5.720e-03 -1.000 1.308e-02 -0.310 2.741 1.461 0.257 -0.443 -0.993 -1.818 -2.473 -2.570
0.013 -0.05655 9.84510 1.1323896646 2.4969469803    1.070  2.068  3.6442  1.928    4  0.000  0.445     0.00     0.00     0.00     0.00     0.00 -1    -1e-30      0.00 6.965e-01 2.904e-01 1.909e-03 1.059e-03 5.720e-03 -1.000 1.308e-02 -0.400 2.724 1.417 0.189 -0.520 -1.078 -1.916 -2.577 -2.678
0.013 -0.05655 9.84510 1.1323897839 2.4969469991    1.070  2.069  3.6442  1.927    7  0.000  0.445     0.00     0.00     0.00     0.00     0.00 -1  -2.8e-30      0.00 6.965e-01 2.904e-01 1.909e-03 1.059e-03 5.720e-03 -1.000 1.311e-02 -0.402 2.724 1.417 0.188 -0.521 -1.079 -1.918 -2.578 -2.680
0.013 -0.05655 9.84510 1.1323922873 2.4969473928    1.070  2.115  3.6402  1.865    7  0.000  0.445     0.00     0.00     0.00     0.00     0.00 -1 -2.81e-30      0.00 6.965e-01 2.904e-01 1.909e-03 1.059e-03 5.720e-03 -1.000 1.311e-02 -0.517 2.697 1.358 0.100 -0.619 -1.187 -2.042 -2.710 -2.817
0.013 -0.05655 9.84510 1.1323944330 2.4969477302    1.070  2.154  3.6368  1.812    7  0.000  0.445     0.00     0.00     0.00     0.00     0.00 -1 -2.82e-30      0.00 6.965e-01 2.904e-01 1.909e-03 1.059e-03 5.720e-03 -1.000 1.311e-02 -0.616 2.673 1.310 0.027 -0.701 -1.279 -2.147 -2.821 -2.934
0.013 -0.05655 9.84510 1.1323996782 2.4969485551    1.070  2.194  3.6335  1.760    7  0.000  0.445     0.00     0.00     0.00     0.00     0.00 -1 -2.81e-30      0.00 6.965e-01 2.904e-01 1.909e-03 1.059e-03 5.720e-03 -1.000 1.311e-02 -0.714 2.646 1.260 -0.046 -0.783 -1.369 -2.252 -2.932 -3.049
0.013 -0.05655 9.84510 1.1324046850 2.4969493425    1.070  2.156  3.6368  1.811    7  0.000  0.445     0.00     0.00     0.00     0.00     0.00 -1 -2.81e-30      0.00 6.965e-01 2.904e-01 1.909e-03 1.059e-03 5.720e-03 -1.000 1.311e-02 -0.619 2.671 1.307 0.025 -0.704 -1.281 -2.150 -2.824 -2.936
0.013 -0.05655 9.84510 1.1324275732 2.4969529419    1.070  2.114  3.6401  1.866    7  0.000  0.445     0.00     0.00     0.00     0.00     0.00 -1 -4.22e-21      0.00 6.965e-01 2.899e-01 1.908e-03 1.059e-03 5.720e-03 -1.000 1.356e-02 -0.516 2.700 1.361 0.102 -0.618 -1.186 -2.040 -2.708 -2.815
0.013 -0.05655 9.84510 1.1325427294 2.4969710487    1.069  2.149  3.6373  1.820    7  0.000  0.445     0.00     0.00     0.00     0.00     0.00 -1 -5.91e-10      0.00 6.965e-01 2.894e-01 1.908e-03 1.059e-03 5.720e-03 -1.000 1.414e-02 -0.601 2.677 1.317 0.038 -0.689 -1.265 -2.132 -2.805 -2.916
0.013 -0.05655 9.84510 1.1325905323 2.4969785638    1.069  2.187  3.6340  1.767    7  0.000  0.445     0.00     0.00     0.00     0.00     0.00 -1 -7.35e-10      0.00 6.965e-01 2.894e-01 1.908e-03 1.059e-03 5.720e-03 -1.000 1.414e-02 -0.698 2.654 1.270 -0.033 -0.769 -1.354 -2.235 -2.914 -3.031
0.013 -0.05655 9.84510 1.1326373816 2.4969859284    1.068  2.227  3.6305  1.714    7  0.000  0.445     0.00     0.00     0.00     0.00     0.00 -1 -9.01e-10      0.00 6.965e-01 2.894e-01 1.908e-03 1.059e-03 5.720e-03 -1.000 1.414e-02 -0.797 2.627 1.219 -0.106 -0.851 -1.445 -2.341 -3.026 -3.149
0.013 -0.05655 9.84510 1.1326783895 2.4969923741    1.067  2.268  3.6270  1.659    7  0.000  0.445     0.00     0.00     0.00     0.00     0.00 -1 -1.11e-09      0.00 6.965e-01 2.894e-01 1.908e-03 1.059e-03 5.720e-03 -1.000 1.414e-02 -0.899 2.595 1.168 -0.180 -0.934 -1.537 -2.449 -3.140 -3.269
0.013 -0.05655 9.84510 1.1327140331 2.4969979762    1.066  2.308  3.6236  1.604    7  0.000  0.445     0.00     0.00     0.00     0.00     0.00 -1 -1.36e-09      0.00 6.965e-01 2.894e-01 1.908e-03 1.059e-03 5.720e-03 -1.000 1.414e-02 -1.001 2.561 1.116 -0.253 -1.015 -1.629 -2.557 -3.254 -3.390
0.013 -0.05655 9.84510 1.1327456236 2.4970029409    1.065  2.349  3.6201  1.548    7  0.000  0.445     0.00     0.00     0.00     0.00     0.00 -1 -1.68e-09      0.00 6.965e-01 2.894e-01 1.908e-03 1.059e-03 5.720e-03 -1.000 1.414e-02 -1.103 2.527 1.062 -0.328 -1.097 -1.721 -2.665 -3.369 -3.511
0.013 -0.05655 9.84510 1.1327736378 2.4970073433    1.064  2.390  3.6165  1.493    7  0.000  0.445     0.00     0.00     0.00     0.00     0.00 -1 -2.07e-09      0.00 6.965e-01 2.894e-01 1.908e-03 1.059e-03 5.720e-03 -1.000 1.414e-02 -1.206 2.496 1.011 -0.398 -1.177 -1.813 -2.773 -3.484 -3.633
0.013 -0.05655 9.84510 1.1327981949 2.4970112022    1.063  2.431  3.6130  1.437    7  0.000  0.445     0.00     0.00     0.00     0.00     0.00 -1 -2.55e-09      0.00 6.965e-01 2.894e-01 1.908e-03 1.059e-03 5.720e-03 -1.000 1.414e-02 -1.309 2.509 0.968 -0.463 -1.256 -1.907 -2.884 -3.605 -3.759
0.013 -0.05655 9.84510 1.1328202486 2.4970146676    1.061  2.472  3.6094  1.381    7  0.000  0.445     0.00     0.00     0.00     0.00     0.00 -1 -3.13e-09      0.00 6.965e-01 2.894e-01 1.908e-03 1.059e-03 5.720e-03 -1.000 1.414e-02 -1.411 2.522 0.927 -0.526 -1.335 -2.001 -2.994 -3.726 -3.885
0.013 -0.05655 9.84510 1.1328401566 2.4970177957    1.060  2.513  3.6059  1.326    7  0.000  0.445    10.65     7.86     5.53     4.25     3.45  4 -3.84e-09      0.00 6.965e-01 2.894e-01 1.908e-03 1.059e-03 5.720e-03 -1.000 1.414e-02 -1.512 2.533 0.887 -0.586 -1.409 -2.093 -3.103 -3.845 -4.009
0.013 -0.05655 9.84510 1.1328585148 2.4970206802    1.058  2.553  3.6022  1.270    7  0.000  0.445    11.95     8.69     6.09     4.69     3.80  4 -4.64e-09      0.00 6.965e-01 2.894e-01 1.908e-03 1.059e-03 5.720e-03 -1.000 1.413e-02 -1.614 2.549 0.851 -0.643 -1.482 -2.184 -3.213 -3.965 -4.134
0.013 -0.05655 9.84510 1.1328760386 2.4970234334    1.056  2.594  3.5961  1.204    7  0.000  0.444    13.70     9.79     6.81     5.26     4.27  3 -5.71e-09      0.00 6.965e-01 2.894e-01 1.906e-03 1.060e-03 5.720e-03 -1.000 1.413e-02 -1.715 2.620 0.856 -0.665 -1.530 -2.268 -3.327 -4.097 -4.275
0.013 -0.05655 9.84510 1.1328922510 2.4970259805    1.054  2.634  3.5905  1.141    7  0.000  0.444    15.62    10.98     7.60     5.88     4.77  3    -7e-09      0.00 6.965e-01 2.894e-01 1.904e-03 1.062e-03 5.720e-03 -1.000 1.413e-02 -1.816 2.677 0.857 -0.688 -1.578 -2.352 -3.440 -4.227 -4.413
0.013 -0.05655 9.84510 1.1329081059 2.4970284714    1.051  2.675  3.5868  1.084    7  0.000  0.443    17.57    12.16     8.38     6.49     5.27  3 -8.48e-09      0.00 6.965e-01 2.894e-01 1.900e-03 1.066e-03 5.720e-03 -1.000 1.414e-02 -1.918 2.684 0.829 -0.730 -1.638 -2.442 -3.550 -4.348 -4.539
0.013 -0.05655 9.84510 1.1329225302 2.4970307375    1.049  2.715  3.5829  1.027    7  0.000  0.441    19.76    13.46     9.24     7.16     5.82  3 -1.04e-08      0.00 6.965e-01 2.894e-01 1.894e-03 1.072e-03 5.720e-03 -1.000 1.414e-02 -2.018 2.696 0.807 -0.768 -1.695 -2.530 -3.659 -4.467 -4.665
0.013 -0.05655 9.84510 1.1329370737 2.4970330222    1.045  2.757  3.5788  0.968    7  0.000  0.440    22.32    14.97    10.22     7.94     6.45  3 -1.26e-08      0.00 6.965e-01 2.894e-01 1.888e-03 1.080e-03 5.720e-03 -1.000 1.414e-02 -2.121 2.712 0.791 -0.799 -1.747 -2.619 -3.772 -4.591 -4.795
0.013 -0.05655 9.84510 1.1329509020 2.4970351945    1.041  2.799  3.5745  0.906    7  0.000  0.439    25.36    16.72    11.36     8.84     7.19  3 -1.56e-08      0.00 6.965e-01 2.894e-01 1.883e-03 1.086e-03 5.720e-03 -1.000 1.414e-02 -2.228 2.727 0.785 -0.814 -1.788 -2.709 -3.891 -4.720 -4.930
0.013 -0.05655 9.84510 1.1329618692 2.4970369173    1.037  2.844  3.5698  0.841    7  0.000  0.438    29.00    18.79    12.70     9.90     8.05  2 -1.93e-08      0.00 6.965e-01 2.894e-01 1.878e-03 1.092e-03 5.720e-03 -1.000 1.414e-02 -2.340 2.744 0.783 -0.828 -1.828 -2.802 -4.015 -4.855 -5.073
0.013 -0.05655 9.84510 1.1329687834 2.4970380034    1.034  2.886  3.5653  0.780    7  0.000  0.437    32.90    20.96    14.10    11.01     8.95  2 -2.35e-08      0.00 6.965e-01 2.894e-01 1.874e-03 1.097e-03 5.720e-03 -1.000 1.413e-02 -2.444 2.754 0.795 -0.815 -1.848 -2.885 -4.132 -4.982 -5.207
0.013 -0.05655 9.84510 1.1329742670 2.4970388648    1.031  2.926  3.5609  0.721    7  0.000  0.436    37.17    23.31    15.60    12.20     9.92  2 -2.83e-08      0.00 6.965e-01 2.894e-01 1.870e-03 1.102e-03 5.720e-03 -1.000 1.412e-02 -2.544 2.767 0.811 -0.800 -1.864 -2.963 -4.245 -5.104 -5.336
0.013 -0.05655 9.84510 1.1329790354 2.4970396138    1.027  2.966  3.5563  0.661    7  0.000  0.435    42.10    25.97    17.29    13.55    11.02  2  -3.4e-08      0.00 6.965e-01 2.894e-01 1.867e-03 1.105e-03 5.720e-03 -1.000 1.412e-02 -2.646 2.778 0.846 -0.759 -1.863 -3.036 -4.359 -5.228 -5.467
0.013 -0.05655 9.84510 1.1329835653 2.4970403253    1.024  3.007  3.5516  0.600    7  0.000  0.435    47.76    28.97    19.19    15.06    12.26  2  -4.1e-08      0.00 6.965e-01 2.894e-01 1.865e-03 1.108e-03 5.720e-03 -1.000 1.412e-02 -2.747 2.790 0.889 -0.708 -1.855 -3.106 -4.474 -5.353 -5.600
0.013 -0.05655 9.84510 1.1329874992 2.4970409433    1.020  3.045  3.5469  0.541    7  0.000  0.434    53.90    32.17    21.21    16.68    13.57  2 -4.93e-08      0.00 6.965e-01 2.894e-01 1.863e-03 1.110e-03 5.720e-03 -1.000 1.412e-02 -2.843 2.801 0.948 -0.633 -1.831 -3.162 -4.585 -5.471 -5.726
0.013 -0.05655 9.84510 1.1329911947 2.4970415237    1.015  3.082  3.5422  0.483    7  0.000  0.434    60.73    35.66    23.41    18.43    15.01  2 -5.87e-08      0.00 6.965e-01 2.894e-01 1.862e-03 1.111e-03 5.720e-03 -1.000 1.408e-02 -2.935 2.814 1.020 -0.542 -1.795 -3.211 -4.692 -5.587 -5.849
0.013 -0.05655 9.84510 1.1329952478 2.4970421604    1.010  3.119  3.5374  0.425    7  0.000  0.434    68.58    39.62    25.88    20.41    16.62  2 -6.96e-08      0.00 6.965e-01 2.894e-01 1.862e-03 1.112e-03 5.720e-03 -1.000 1.408e-02 -3.029 2.829 1.114 -0.425 -1.746 -3.250 -4.802 -5.703 -5.974
0.013 -0.05655 9.84510 1.1329996586 2.4970428532    1.002  3.157  3.5323  0.363    7  0.000  0.434    77.83    44.19    28.72    22.69    18.48  1 -8.39e-08      0.00 6.965e-01 2.894e-01 1.862e-03 1.112e-03 5.720e-03 -1.000 1.408e-02 -3.122 2.848 1.233 -0.278 -1.677 -3.276 -4.913 -5.821 -6.102
0.013 -0.05655 9.84510 1.1330044270 2.4970436022    0.992  3.193  3.5272  0.303    7  0.000  0.434    88.07    49.14    31.78    25.16    20.50  1 -9.96e-08      0.00 6.965e-01 2.894e-01 1.862e-03 1.112e-03 5.720e-03 -1.000 1.408e-02 -3.211 2.869 1.372 -0.104 -1.592 -3.280 -5.020 -5.934 -6.224
0.013 -0.05655 9.84510 1.1330082417 2.4970442013    0.983  3.218  3.5234  0.258    7  0.000  0.434    96.49    53.14    34.24    27.15    22.12  1 -1.14e-07      0.00 6.965e-01 2.894e-01 1.862e-03 1.112e-03 5.720e-03 -1.000 1.408e-02 -3.275 2.887 1.493 0.045 -1.518 -3.269 -5.096 -6.014 -6.312
0.013 -0.05655 9.84510 1.1330093145 2.4970443699    0.980  3.241  3.5202  0.221    7  0.000  0.434   104.19    56.78    36.47    28.95    23.59  1 -1.27e-07      0.00 6.965e-01 2.894e-01 1.862e-03 1.112e-03 5.720e-03 -1.000 1.408e-02 -3.333 2.897 1.590 0.165 -1.460 -3.264 -5.165 -6.086 -6.391
0.013 -0.05655 9.84510 1.1330100298 2.4970444822    0.978  3.243  3.5197  0.217    7  0.000  0.434   105.08    57.19    36.72    29.15    23.76  1 -1.28e-07      0.00 6.965e-01 2.894e-01 1.862e-03 1.112e-03 5.720e-03 -1.000 1.408e-02 -3.336 2.903 1.610 0.190 -1.445 -3.257 -5.170 -6.092 -6.398
0.013 -0.05655 9.84510 1.1330107450 2.4970445946    0.976  3.278  3.5148  0.161    7  0.000  0.434   118.09    63.25    40.42    32.15    26.20  0 -1.49e-07      0.00 6.965e-01 2.894e-01 1.861e-03 1.112e-03 5.720e-03 -1.000 1.408e-02 -3.424 2.919 1.801 0.437 -1.317 -3.205 -5.274 -6.201 -6.517
0.013 -0.05655 9.84510 1.1330108643 2.4970446133    0.976  3.208  3.5243  0.269    7  0.000  0.434    94.20    52.02    33.54    26.59    21.66  1 -1.12e-07      0.00 6.965e-01 2.894e-01 1.861e-03 1.112e-03 5.720e-03 -1.000 1.408e-02 -3.249 2.892 1.472 0.016 -1.527 -3.262 -5.068 -5.984 -6.281
0.013 -0.05655 9.84510 1.1330109835 2.4970446320    0.976  3.161  3.5303  0.340    7  0.000  0.434    81.30    45.79    29.69    23.50    19.14  1  -9.2e-08      0.00 6.965e-01 2.894e-01 1.861e-03 1.112e-03 5.720e-03 -1.000 1.408e-02 -3.132 2.883 1.306 -0.192 -1.622 -3.259 -4.930 -5.841 -6.125
0.013 -0.05655 9.84510 1.1330111027 2.4970446507    0.975  3.195  3.5257  0.287    7  0.000  0.434    90.77    50.37    32.52    25.78    21.00  1 -1.06e-07      0.00 6.965e-01 2.894e-01 1.861e-03 1.112e-03 5.720e-03 -1.000 1.408e-02 -3.218 2.892 1.435 -0.031 -1.547 -3.259 -5.032 -5.947 -6.241
0.013 -0.05655 9.84510 1.1330113411 2.4970446882    0.975  3.165  3.5299  0.334    7  0.000  0.434    82.28    46.26    29.98    23.74    19.33  1  -9.4e-08      0.00 6.965e-01 2.894e-01 1.861e-03 1.112e-03 5.720e-03 -1.000 1.408e-02 -3.142 2.881 1.311 -0.186 -1.622 -3.264 -4.941 -5.852 -6.137
0.013 -0.05655 9.84510 1.1330116987 2.4970447443    0.974  3.210  3.5240  0.265    7  0.000  0.434    94.98    52.38    33.76    26.77    21.81  1 -1.13e-07      0.00 6.965e-01 2.894e-01 1.861e-03 1.112e-03 5.720e-03 -1.000 1.408e-02 -3.254 2.895 1.484 0.031 -1.519 -3.260 -5.074 -5.991 -6.288
0.013 -0.05655 9.84510 1.1330119371 2.4970447818    0.973  3.244  3.5194  0.212    7  0.000  0.434   106.02    57.60    36.97    29.36    23.92  1 -1.31e-07      0.00 6.965e-01 2.894e-01 1.861e-03 1.112e-03 5.720e-03 -1.000 1.408e-02 -3.339 2.908 1.626 0.209 -1.433 -3.251 -5.174 -6.096 -6.403
0.013 -0.05655 9.84510 1.1330121756 2.4970448192    0.972  3.281  3.5142  0.153    7  0.000  0.434   119.92    64.07    40.92    32.55    26.53  0 -1.53e-07      0.00 6.965e-01 2.894e-01 1.861e-03 1.112e-03 5.720e-03 -1.000 1.408e-02 -3.434 2.923 1.823 0.466 -1.301 -3.199 -5.285 -6.213 -6.530
0.013 -0.05655 9.84510 1.1330124140 2.4970448567    0.971  3.309  3.5102  0.109    7  0.000  0.434   131.55    69.41    44.17    35.18    28.68  0 -1.73e-07      0.00 6.965e-01 2.894e-01 1.861e-03 1.112e-03 5.720e-03 -1.000 1.408e-02 -3.504 2.937 1.976 0.664 -1.199 -3.157 -5.368 -6.300 -6.626
0.013 -0.05655 9.84510 1.1330127716 2.4970449129    0.970  3.339  3.5058  0.061    7  0.000  0.434   145.45    75.69    47.98    38.26    31.20  0 -1.96e-07      0.00 6.965e-01 2.894e-01 1.861e-03 1.112e-03 5.720e-03 -1.000 1.408e-02 -3.579 2.944 2.116 0.847 -1.105 -3.112 -5.457 -6.393 -6.726
0.013 -0.05655 9.84510 1.1330132484 2.4970449878    0.968  3.370  3.5013  0.011    7  0.000  0.434   161.18    82.70    52.21    41.70    34.00  0 -2.21e-07      0.00 6.965e-01 2.894e-01 1.861e-03 1.112e-03 5.720e-03 -1.000 1.408e-02 -3.654 2.957 2.277 1.055 -0.995 -3.054 -5.547 -6.487 -6.830
0.013 -0.05655 9.84510 1.1330137253 2.4970450627    0.965  3.400  3.4966 -0.039    7  0.527  0.434   175.80    90.53    56.92    45.52    37.13  0 -2.53e-07      0.00 6.965e-01 2.894e-01 1.861e-03 1.112e-03 5.720e-03 -1.000 1.408e-02 -3.730 2.968 2.430 1.244 -0.893 -2.993 -5.638 -6.582 -6.934
0.013 -0.05655 9.84510 1.1330145597 2.4970451937    0.960  3.430  3.4918 -0.090    7  0.526  0.434   189.76    99.17    62.09    49.73    40.57  0 -2.89e-07      0.00 6.965e-01 2.894e-01 1.861e-03 1.112e-03 5.720e-03 -1.000 1.408e-02 -3.804 2.984 2.587 1.433 -0.789 -2.926 -5.727 -6.675 -7.036
0.013 -0.05655 9.84510 1.1330149174 2.4970452499    0.957  3.437  3.4904 -0.105    8  0.526  0.455   193.82   101.73    63.61    50.98    41.59  0    -3e-07      0.00 6.965e-01 2.905e-01 1.955e-03 1.114e-03 5.733e-03 -1.000 1.301e-02 -3.823 2.989 2.633 1.489 -0.757 -2.905 -5.751 -6.700 -7.063
0.013 -0.05655 9.84510 1.1330149174 2.4970452499    0.957  3.177  3.5260  0.297    8  0.526  0.455    88.44    49.17    31.77    25.19    20.51  1 -1.04e-07      0.00 6.965e-01 2.905e-01 1.955e-03 1.114e-03 5.733e-03 -1.000 1.301e-02 -3.174 2.924 1.462 -0.003 -1.513 -3.220 -4.986 -5.901 -6.194
0.013 -0.05655 9.84510 1.1330150366 2.4970452686    0.956  3.058  3.5423  0.482    8  0.526  0.455    60.05    35.19    23.08    18.21    14.82  2 -6.31e-08      0.00 6.965e-01 2.905e-01 1.955e-03 1.114e-03 5.733e-03 -1.000 1.301e-02 -2.874 2.875 1.079 -0.485 -1.737 -3.151 -4.631 -5.525 -5.788
0.013 -0.05655 9.84510 1.1330151558 2.4970452873    0.956  2.886  3.5657  0.747    8  0.526  0.455    34.47    21.79    14.60    11.44     9.30  2    -3e-08      0.00 6.965e-01 2.905e-01 1.955e-03 1.114e-03 5.733e-03 -1.000 1.301e-02 -2.444 2.775 0.796 -0.825 -1.856 -2.887 -4.132 -4.979 -5.204
0.013 -0.05655 9.84510 1.1330153942 2.4970453248    0.954  2.907  3.5625  0.713    8  0.526  0.455    37.07    23.20    15.50    12.16     9.88  2 -3.32e-08      0.00 6.965e-01 2.905e-01 1.955e-03 1.114e-03 5.733e-03 -1.000 1.301e-02 -2.498 2.796 0.822 -0.796 -1.850 -2.925 -4.195 -5.049 -5.279
0.013 -0.05655 9.84510 1.1330156326 2.4970453622    0.953  3.030  3.5456  0.522    8  0.526  0.455    55.26    32.75    21.55    16.98    13.82  2 -5.66e-08      0.00 6.965e-01 2.905e-01 1.955e-03 1.114e-03 5.733e-03 -1.000 1.301e-02 -2.804 2.872 1.034 -0.542 -1.756 -3.111 -4.550 -5.439 -5.696
0.013 -0.05655 9.84510 1.1330158710 2.4970453997    0.951  3.187  3.5237  0.276    8  0.526  0.455    92.29    50.99    32.88    26.09    21.25  1  -1.1e-07      0.00 6.965e-01 2.905e-01 1.955e-03 1.114e-03 5.733e-03 -1.000 1.301e-02 -3.197 2.944 1.546 0.099 -1.454 -3.198 -5.017 -5.935 -6.232
0.013 -0.05655 9.84510 1.1330162287 2.4970454559    0.949  3.317  3.5056  0.073    8  0.526  0.455   141.18    73.58    46.68    37.24    30.36  0 -1.88e-07      0.00 6.965e-01 2.905e-01 1.955e-03 1.114e-03 5.733e-03 -1.000 1.301e-02 -3.521 2.991 2.174 0.911 -1.042 -3.051 -5.400 -6.337 -6.670
0.013 -0.05655 9.84510 1.1330167055 2.4970455308    0.946  3.399  3.4939 -0.057    8  0.526  0.455   179.43    93.07    58.42    46.77    38.15  0 -2.65e-07      0.00 6.965e-01 2.905e-01 1.955e-03 1.114e-03 5.733e-03 -1.000 1.301e-02 -3.727 3.009 2.552 1.386 -0.795 -2.915 -5.643 -6.590 -6.946
0.013 -0.05655 9.84510 1.1330171824 2.4970456057    0.943  3.440  3.4878 -0.124    8  0.527  0.455   198.71   105.04    65.56    52.60    42.91  0 -3.15e-07      0.00 6.965e-01 2.905e-01 1.955e-03 1.114e-03 5.733e-03 -1.000 1.301e-02 -3.831 3.019 2.714 1.566 -0.700 -2.855 -5.766 -6.717 -7.084
0.013 -0.05655 9.84510 1.1330176592 2.4970456805    0.940  3.457  3.4848 -0.155    8  0.527  0.455   207.87   110.84    69.01    55.41    45.21  0  -3.4e-07      0.00 6.965e-01 2.905e-01 1.955e-03 1.114e-03 5.733e-03 -1.000 1.301e-02 -3.873 3.025 2.771 1.612 -0.673 -2.837 -5.817 -6.771 -7.143
0.013 -0.05655 9.84510 1.1330182552 2.4970457742    0.937  3.465  3.4832 -0.171    8  0.527  0.455   212.78   114.01    70.89    56.95    46.47  0 -3.54e-07      0.00 6.965e-01 2.905e-01 1.955e-03 1.114e-03 5.733e-03 -1.000 1.301e-02 -3.893 3.032 2.808 1.643 -0.653 -2.820 -5.842 -6.796 -7.171
0.013 -0.05655 9.84510 1.1330182552 2.4970457742    0.936  3.265  3.5105  0.138    8  0.527  0.455   122.91    65.19    41.57    33.12    26.99  0 -1.58e-07      0.00 6.965e-01 2.905e-01 1.955e-03 1.114e-03 5.733e-03 -1.000 1.301e-02 -3.392 3.019 2.060 0.754 -1.100 -3.052 -5.255 -6.188 -6.512
0.013 -0.05655 9.84510 1.1330183744 2.4970457929    0.936  3.091  3.5342  0.407    8  0.527  0.455    69.98    40.10    26.13    20.68    16.83  1 -7.71e-08      0.00 6.965e-01 2.905e-01 1.955e-03 1.114e-03 5.733e-03 -1.000 1.301e-02 -2.957 2.954 1.312 -0.203 -1.571 -3.135 -4.741 -5.648 -5.924
0.013 -0.05655 9.84510 1.1330184937 2.4970458116    0.935  2.919  3.5576  0.672    8  0.527  0.455    40.14    24.82    16.53    12.99    10.56  2 -3.71e-08      0.00 6.965e-01 2.905e-01 1.955e-03 1.114e-03 5.733e-03 -1.000 1.301e-02 -2.527 2.869 0.927 -0.682 -1.775 -2.926 -4.237 -5.103 -5.340
0.013 -0.05655 9.84510 1.1330187321 2.4970458491    0.933  2.940  3.5545  0.638    8  0.527  0.455    43.14    26.41    17.54    13.79    11.21  2 -4.09e-08      0.00 6.965e-01 2.905e-01 1.955e-03 1.114e-03 5.733e-03 -1.000 1.301e-02 -2.581 2.885 0.965 -0.636 -1.757 -2.959 -4.300 -5.172 -5.414
0.013 -0.05655 9.84510 1.1330190897 2.4970459052    0.931  3.061  3.5377  0.449    8  0.527  0.455    64.08    37.15    24.29    19.20    15.62  2 -6.91e-08      0.00 6.965e-01 2.905e-01 1.955e-03 1.114e-03 5.733e-03 -1.000 1.301e-02 -2.883 2.951 1.240 -0.296 -1.610 -3.108 -4.655 -5.557 -5.827
0.013 -0.05655 9.84510 1.1330194473 2.4970459614    0.929  3.217  3.5162  0.206    8  0.528  0.455   106.53    57.57    36.91    29.37    23.92  0 -1.33e-07      0.00 6.965e-01 2.905e-01 1.955e-03 1.114e-03 5.733e-03 -1.000 1.301e-02 -3.272 3.016 1.860 0.488 -1.228 -3.092 -5.116 -6.043 -6.355
0.013 -0.05655 9.84510 1.1330198050 2.4970460176    0.926  3.345  3.4982  0.005    8  0.528  0.455   161.87    82.76    52.19    41.75    34.04  0 -2.26e-07      0.00 6.965e-01 2.905e-01 1.955e-03 1.114e-03 5.733e-03 -1.000 1.301e-02 -3.592 3.051 2.469 1.278 -0.823 -2.907 -5.494 -6.438 -6.785
0.013 -0.05655 9.84510 1.1330202818 2.4970460925    0.923  3.426  3.4867 -0.124    8  0.528  0.455   197.00   104.39    65.14    52.30    42.66  0 -3.15e-07      0.00 6.965e-01 2.905e-01 1.955e-03 1.114e-03 5.733e-03 -1.000 1.301e-02 -3.795 3.061 2.775 1.627 -0.643 -2.800 -5.733 -6.686 -7.054
0.013 -0.05655 9.84510 1.1330208778 2.4970461861    0.919  3.467  3.4807 -0.191    8  0.528  0.455   217.79   117.58    72.98    58.70    47.89  0 -3.75e-07      0.00 6.965e-01 2.905e-01 1.955e-03 1.114e-03 5.733e-03 -1.000 1.301e-02 -3.896 3.065 2.886 1.712 -0.599 -2.771 -5.852 -6.809 -7.188
0.013 -0.05655 9.84510 1.1330214739 2.4970462797    0.915  3.483  3.4779 -0.220    8  0.529  0.455   227.54   123.90    76.71    61.76    50.40  0 -4.05e-07      0.00 6.965e-01 2.905e-01 1.955e-03 1.114e-03 5.733e-03 -1.000 1.301e-02 -3.938 3.068 2.930 1.745 -0.581 -2.762 -5.902 -6.860 -7.242
0.013 -0.05655 9.84510 1.1330221891 2.4970463921    0.910  3.490  3.4763 -0.236    8  0.529  0.455   232.62   127.29    78.70    63.40    51.73  0 -4.23e-07      0.00 6.965e-01 2.905e-01 1.955e-03 1.114e-03 5.733e-03 -1.000 1.301e-02 -3.956 3.073 2.956 1.765 -0.569 -2.754 -5.925 -6.883 -7.268
0.013 -0.05655 9.84510 1.1330221891 2.4970463921    0.909  3.296  3.5031  0.065    8  0.529  0.455   142.69    73.89    46.82    37.42    30.49  0 -1.95e-07      0.00 6.965e-01 2.905e-01 1.955e-03 1.114e-03 5.733e-03 -1.000 1.301e-02 -3.471 3.071 2.338 1.105 -0.897 -2.932 -5.358 -6.297 -6.634
0.013 -0.05655 9.84510 1.1330223083 2.4970464108    0.909  3.123  3.5270  0.333    8  0.529  0.455    81.23    45.49    29.46    23.37    19.02  1 -9.62e-08      0.00 6.965e-01 2.905e-01 1.955e-03 1.114e-03 5.733e-03 -1.000 1.301e-02 -3.038 3.018 1.541 0.074 -1.413 -3.103 -4.847 -5.762 -6.052
0.013 -0.05655 9.84510 1.1330225468 2.4970464482    0.907  2.951  3.5507  0.599    8  0.529  0.455    46.45    28.11    18.60    14.66    11.91  2 -4.67e-08      0.00 6.965e-01 2.905e-01 1.955e-03 1.114e-03 5.733e-03 -1.000 1.301e-02 -2.608 2.940 1.050 -0.542 -1.697 -2.961 -4.338 -5.219 -5.467
0.013 -0.05655 9.84510 1.1330227852 2.4970464857    0.905  2.973  3.5476  0.564    8  0.529  0.455    49.95    29.92    19.74    15.57    12.66  2 -5.16e-08      0.00 6.965e-01 2.905e-01 1.955e-03 1.114e-03 5.733e-03 -1.000 1.301e-02 -2.662 2.954 1.101 -0.479 -1.668 -2.987 -4.401 -5.287 -5.541
0.013 -0.05655 9.84510 1.1330230236 2.4970465231    0.902  3.092  3.5308  0.376    8  0.530  0.455    74.08    41.99    27.29    21.63    17.60  1 -8.63e-08      0.00 6.965e-01 2.905e-01 1.955e-03 1.114e-03 5.733e-03 -1.000 1.301e-02 -2.961 3.016 1.443 -0.050 -1.469 -3.094 -4.756 -5.667 -5.950
0.013 -0.05655 9.84510 1.1330233812 2.4970465793    0.899  3.245  3.5092  0.135    8  0.530  0.455   122.82    64.86    41.33    32.98    26.86  0 -1.64e-07      0.00 6.965e-01 2.905e-01 1.955e-03 1.114e-03 5.733e-03 -1.000 1.301e-02 -3.343 3.081 2.165 0.873 -1.005 -2.971 -5.210 -6.145 -6.470
0.013 -0.05655 9.84510 1.1330238581 2.4970466542    0.895  3.372  3.4913 -0.065    8  0.530  0.455   177.79    93.00    58.30    46.77    38.13  0 -2.76e-07      0.00 6.965e-01 2.905e-01 1.955e-03 1.114e-03 5.733e-03 -1.000 1.301e-02 -3.659 3.107 2.727 1.584 -0.637 -2.774 -5.583 -6.533 -6.893
0.013 -0.05655 9.84510 1.1330244541 2.4970467478    0.891  3.451  3.4797 -0.193    8  0.531  0.455   216.11   117.15    72.67    58.51    47.73  0 -3.85e-07      0.00 6.965e-01 2.905e-01 1.955e-03 1.114e-03 5.733e-03 -1.000 1.301e-02 -3.859 3.111 2.948 1.773 -0.542 -2.716 -5.818 -6.775 -7.155
0.013 -0.05655 9.84510 1.1330250502 2.4970468414    0.885  3.491  3.4736 -0.259    8  0.531  0.455   238.82   131.90    81.38    65.66    53.57  0 -4.58e-07      0.01 6.965e-01 2.905e-01 1.955e-03 1.114e-03 5.733e-03 -1.000 1.301e-02 -3.958 3.109 3.030 1.828 -0.518 -2.710 -5.934 -6.894 -7.282
0.013 -0.05655 9.84510 1.1330257654 2.4970469538    0.880  3.507  3.4709 -0.289    8  0.531  0.455   249.50   139.03    85.56    69.10    56.38  0 -4.97e-07      0.01 6.965e-01 2.905e-01 1.955e-03 1.114e-03 5.733e-03 -1.000 1.301e-02 -3.998 3.114 3.072 1.858 -0.501 -2.701 -5.982 -6.943 -7.336
0.013 -0.05655 9.84510 1.1330264807 2.4970470661    0.873  3.514  3.4694 -0.306    8  0.532  0.455   255.10   142.88    87.81    70.96    57.90  0 -5.21e-07      0.01 6.965e-01 2.905e-01 1.955e-03 1.114e-03 5.733e-03 -1.000 1.301e-02 -4.016 3.120 3.098 1.877 -0.489 -2.694 -6.004 -6.965 -7.360
0.013 -0.05655 9.84510 1.1330264807 2.4970470661    0.873  3.328  3.4957 -0.015    8  0.532  0.455   163.18    84.45    53.14    42.62    34.73  0  -2.5e-07      0.00 6.965e-01 2.905e-01 1.955e-03 1.114e-03 5.733e-03 -1.000 1.301e-02 -3.551 3.131 2.625 1.453 -0.690 -2.794 -5.461 -6.407 -6.759
0.013 -0.05655 9.84510 1.1330265999 2.4970470848    0.872  3.157  3.5199  0.254    8  0.532  0.455    95.28    51.97    33.42    26.61    21.66  0 -1.25e-07      0.00 6.965e-01 2.905e-01 1.955e-03 1.114e-03 5.733e-03 -1.000 1.301e-02 -3.121 3.084 1.799 0.385 -1.240 -3.047 -4.954 -5.877 -6.181
0.013 -0.05655 9.84510 1.1330268383 2.4970471223    0.870  2.985  3.5442  0.521    8  0.532  0.455    54.21    32.01    21.04    16.64    13.53  2 -6.14e-08      0.00 6.965e-01 2.905e-01 1.955e-03 1.114e-03 5.733e-03 -1.000 1.301e-02 -2.692 3.002 1.190 -0.376 -1.606 -2.985 -4.443 -5.334 -5.593
0.013 -0.05655 9.84510 1.1330270767 2.4970471597    0.867  3.006  3.5410  0.486    8  0.532  0.455    58.38    34.11    22.36    17.69    14.39  1 -6.79e-08      0.00 6.965e-01 2.905e-01 1.955e-03 1.114e-03 5.733e-03 -1.000 1.301e-02 -2.745 3.018 1.249 -0.303 -1.571 -3.009 -4.506 -5.403 -5.668
0.013 -0.05655 9.84510 1.1330274343 2.4970472159    0.863  3.124  3.5240  0.298    8  0.532  0.455    86.58    47.82    30.86    24.55    19.98  1 -1.12e-07      0.00 6.965e-01 2.905e-01 1.955e-03 1.114e-03 5.733e-03 -1.000 1.301e-02 -3.040 3.081 1.684 0.240 -1.306 -3.045 -4.858 -5.777 -6.073
0.013 -0.05655 9.84510 1.1330277920 2.4970472721    0.859  3.274  3.5022  0.058    8  0.533  0.455   143.44    73.70    46.64    37.35    30.42  0 -2.11e-07      0.00 6.965e-01 2.905e-01 1.955e-03 1.114e-03 5.733e-03 -1.000 1.301e-02 -3.416 3.142 2.440 1.217 -0.804 -2.849 -5.306 -6.245 -6.584
0.013 -0.05655 9.84510 1.1330283880 2.4970473657    0.853  3.398  3.4840 -0.141    8  0.533  0.455   196.53   105.53    65.71    52.91    43.14  0 -3.52e-07      0.00 6.965e-01 2.905e-01 1.955e-03 1.114e-03 5.733e-03 -1.000 1.301e-02 -3.726 3.167 2.929 1.773 -0.512 -2.675 -5.671 -6.626 -6.998
0.013 -0.05655 9.84510 1.1330288649 2.4970474406    0.847  3.477  3.4722 -0.270    8  0.534  0.455   238.86   132.92    81.89    66.19    53.98  0  -4.9e-07      0.01 6.965e-01 2.905e-01 1.955e-03 1.114e-03 5.733e-03 -1.000 1.301e-02 -3.922 3.167 3.107 1.900 -0.452 -2.649 -5.901 -6.862 -7.252
0.013 -0.05655 9.84510 1.1330295801 2.4970475529    0.840  3.516  3.4660 -0.337    8  0.534  0.455   264.12   149.80    91.78    74.33    60.64  0 -5.84e-07      0.01 6.965e-01 2.905e-01 1.955e-03 1.114e-03 5.733e-03 -1.000 1.301e-02 -4.019 3.169 3.184 1.950 -0.431 -2.647 -6.016 -6.978 -7.378
0.013 -0.05655 9.84510 1.1330302954 2.4970476653    0.832  3.532  3.4632 -0.369    8  0.535  0.455   276.24   158.14    96.64    78.35    63.93  0 -6.38e-07      0.01 6.965e-01 2.905e-01 1.955e-03 1.114e-03 5.733e-03 -1.000 1.301e-02 -4.059 3.182 3.229 1.982 -0.415 -2.641 -6.063 -7.026 -7.431
0.013 -0.05655 9.84510 1.1330311298 2.4970477963    0.824  3.539  3.4616 -0.386    8  0.535  0.455   273.30    -1.00    -1.00    -1.00    -1.00  0 -6.76e-07      0.01 6.965e-01 2.905e-01 1.955e-03 1.114e-03 5.733e-03 -1.000 1.301e-02 -4.076 3.201 3.263 2.006 -0.400 -2.632 -6.084 -7.048 -7.456
0.013 -0.05655 9.84510 1.1330311298 2.4970477963    0.823  3.362  3.4874 -0.107    8  0.535  0.455   183.90    98.21    61.30    49.37    40.23  0 -3.39e-07      0.00 6.965e-01 2.905e-01 1.955e-03 1.114e-03 5.733e-03 -1.000 1.301e-02 -3.635 3.203 2.904 1.759 -0.503 -2.657 -5.570 -6.523 -6.889
0.013 -0.05655 9.84510 1.1330312490 2.4970478150    0.821  3.192  3.5123  0.162    8  0.535  0.455   114.37    60.37    38.52    30.80    25.07  0 -1.73e-07      0.00 6.965e-01 2.905e-01 1.955e-03 1.114e-03 5.733e-03 -1.000 1.301e-02 -3.209 3.162 2.140 0.812 -0.996 -2.921 -5.066 -5.997 -6.317
0.013 -0.05655 9.84510 1.1330314875 2.4970478525    0.818  3.020  3.5373  0.432    8  0.535  0.455    64.60    37.03    24.15    19.17    15.59  1  -8.6e-08      0.00 6.965e-01 2.905e-01 1.955e-03 1.114e-03 5.733e-03 -1.000 1.301e-02 -2.780 3.073 1.364 -0.172 -1.493 -2.999 -4.553 -5.455 -5.727
0.013 -0.05655 9.84510 1.1330317259 2.4970478899    0.814  3.041  3.5340  0.395    8  0.536  0.455    69.77    39.53    25.70    20.43    16.61  1 -9.56e-08      0.00 6.965e-01 2.905e-01 1.955e-03 1.114e-03 5.733e-03 -1.000 1.301e-02 -2.833 3.091 1.447 -0.070 -1.442 -3.009 -4.618 -5.524 -5.802
0.013 -0.05655 9.84510 1.1330320835 2.4970479461    0.808  3.157  3.5166  0.207    8  0.536  0.455   103.74    55.44    35.49    28.36    23.08  0 -1.57e-07      0.00 6.965e-01 2.905e-01 1.955e-03 1.114e-03 5.733e-03 -1.000 1.301e-02 -3.122 3.161 1.986 0.607 -1.098 -2.956 -4.965 -5.892 -6.203
0.013 -0.05655 9.84510 1.1330325603 2.4970480210    0.801  3.304  3.4943 -0.033    8  0.536  0.455   162.65    85.42    53.62    43.14    35.14  0 -2.92e-07      0.00 6.965e-01 2.905e-01 1.955e-03 1.114e-03 5.733e-03 -1.000 1.301e-02 -3.491 3.226 2.756 1.591 -0.578 -2.693 -5.404 -6.352 -6.706
0.013 -0.05655 9.84510 1.1330330372 2.4970480959    0.793  3.426  3.4757 -0.234    8  0.537  0.455   220.70   122.44    75.61    61.18    49.86  0 -4.87e-07      0.01 6.965e-01 2.905e-01 1.955e-03 1.114e-03 5.733e-03 -1.000 1.301e-02 -3.794 3.248 3.138 1.943 -0.393 -2.580 -5.763 -6.723 -7.109
0.013 -0.05655 9.84510 1.1330336332 2.4970481895    0.783  3.502  3.4636 -0.364    8  0.537  0.455   249.36    -1.00    -1.00    -1.00    -1.00  0  -6.8e-07      0.01 6.965e-01 2.905e-01 1.955e-03 1.114e-03 5.733e-03 -1.000 1.301e-02 -3.986 3.260 3.298 2.050 -0.347 -2.572 -5.987 -6.951 -7.356
0.013 -0.05655 9.84510 1.1330343485 2.4970483018    0.772  3.541  3.4573 -0.434    8  0.538  0.455   243.27    -1.00    -1.00    -1.00    -1.00  0  -8.2e-07      0.02 6.965e-01 2.905e-01 1.955e-03 1.114e-03 5.733e-03 -1.000 1.301e-02 -4.082 3.289 3.389 2.119 -0.318 -2.571 -6.098 -7.064 -7.479
0.013 -0.05655 9.84510 1.1330350637 2.4970484142    0.761  3.556  3.4546 -0.467    8  0.538  0.455   236.60    -1.00    -1.00    -1.00    -1.00  0 -9.13e-07      0.02 6.965e-01 2.905e-01 1.955e-03 1.114e-03 5.733e-03 -1.000 1.301e-02 -4.121 3.305 3.429 2.155 -0.304 -2.571 -6.143 -7.109 -7.529
0.013 -0.05655 9.84510 1.1330358982 2.4970485452    0.748  3.563  3.4535 -0.486    8  0.539  0.455   229.43    -1.00    -1.00    -1.00    -1.00  0 -9.89e-07      0.02 6.965e-01 2.905e-01 1.955e-03 1.114e-03 5.733e-03 -1.000 1.301e-02 -4.139 3.329 3.459 2.178 -0.293 -2.567 -6.161 -7.128 -7.551
0.013 -0.05655 9.84510 1.1330358982 2.4970485452    0.747  3.397  3.4796 -0.216    8  0.539  0.455   210.10   116.66    72.09    58.42    47.59  0 -5.24e-07      0.01 6.965e-01 2.905e-01 1.955e-03 1.114e-03 5.733e-03 -1.000 1.301e-02 -3.723 3.291 3.122 1.936 -0.389 -2.567 -5.680 -6.638 -7.021
0.013 -0.05655 9.84510 1.1330360174 2.4970485640    0.744  3.228  3.5061  0.058    8  0.539  0.455   137.58    71.10    44.92    36.15    29.41  0 -2.72e-07      0.00 6.965e-01 2.905e-01 1.955e-03 1.114e-03 5.733e-03 -1.000 1.301e-02 -3.301 3.230 2.390 1.114 -0.834 -2.840 -5.178 -6.113 -6.448
0.013 -0.05655 9.84510 1.1330362558 2.4970486014    0.740  3.057  3.5334  0.335    8  0.539  0.455    77.84    42.98    27.78    22.19    18.03  0 -1.38e-07      0.00 6.965e-01 2.905e-01 1.955e-03 1.114e-03 5.733e-03 -1.000 1.301e-02 -2.873 3.111 1.455 -0.073 -1.461 -3.041 -4.660 -5.566 -5.846
0.013 -0.05655 9.84510 1.1330364943 2.4970486389    0.733  3.078  3.5306  0.299    8  0.539  0.455    83.89    45.75    29.48    23.58    19.16  0 -1.55e-07      0.00 6.965e-01 2.905e-01 1.955e-03 1.114e-03 5.733e-03 -1.000 1.301e-02 -2.926 3.122 1.518 0.004 -1.426 -3.058 -4.722 -5.632 -5.917
0.013 -0.05655 9.84510 1.1330368519 2.4970486950    0.725  3.192  3.5134  0.113    8  0.540  0.455   124.72    63.97    40.59    32.64    26.54  0 -2.56e-07      0.00 6.965e-01 2.905e-01 1.955e-03 1.114e-03 5.733e-03 -1.000 1.301e-02 -3.209 3.203 2.117 0.758 -1.035 -2.948 -5.062 -5.990 -6.311
0.013 -0.05655 9.84510 1.1330373287 2.4970487699    0.715  3.335  3.4912 -0.126    8  0.540  0.455   180.25    98.15    61.07    49.44    40.25  0 -4.74e-07      0.01 6.965e-01 2.905e-01 1.955e-03 1.114e-03 5.733e-03 -1.000 1.301e-02 -3.569 3.284 2.894 1.733 -0.513 -2.659 -5.490 -6.440 -6.806
0.013 -0.05655 9.84510 1.1330378056 2.4970488448    0.704  3.454  3.4730 -0.324    8  0.540  0.455   205.59    -1.00    -1.00    -1.00    -1.00  0 -7.94e-07      0.02 6.965e-01 2.905e-01 1.955e-03 1.114e-03 5.733e-03 -1.000 1.301e-02 -3.865 3.329 3.236 2.003 -0.372 -2.575 -5.837 -6.799 -7.196
0.013 -0.05655 9.84510 1.1330384016 2.4970489384    0.691  3.529  3.4622 -0.451    8  0.541  0.455   198.67    -1.00    -1.00    -1.00    -1.00  0 -1.13e-06      0.03 6.965e-01 2.905e-01 1.955e-03 1.114e-03 5.733e-03 -1.000 1.301e-02 -4.052 3.400 3.414 2.114 -0.326 -2.570 -6.046 -7.016 -7.436
0.013 -0.05655 9.84510 1.1330391169 2.4970490508    0.676  3.566  3.4581 -0.514    8  0.542  0.455   191.07    -1.00    -1.00    -1.00    -1.00  0  -1.4e-06      0.04 6.965e-01 2.905e-01 1.955e-03 1.114e-03 5.733e-03 -1.000 1.301e-02 -4.146 3.448 3.485 2.156 -0.320 -2.587 -6.144 -7.118 -7.549
0.013 -0.05655 9.84510 1.1330398321 2.4970491631    0.660  3.582  3.4584 -0.539    8  0.542  0.455   182.89    -1.00    -1.00    -1.00    -1.00  0 -1.63e-06      0.05 6.965e-01 2.905e-01 1.955e-03 1.114e-03 5.733e-03 -1.000 1.301e-02 -4.184 3.481 3.492 2.144 -0.345 -2.615 -6.176 -7.153 -7.589
0.013 -0.05655 9.84510 1.1330406666 2.4970492942    0.642  3.589  3.4612 -0.546    8  0.543  0.455   174.22    -1.00    -1.00    -1.00    -1.00  0 -1.85e-06      0.07 6.965e-01 2.905e-01 1.955e-03 1.114e-03 5.733e-03 -1.000 1.301e-02 -4.202 3.538 3.487 2.117 -0.378 -2.644 -6.177 -7.158 -7.598
0.013 -0.05655 9.84510 1.1330441236 2.4970498371    0.544 -9.999  4.0000  1.764    9  0.545  0.000     0.00     0.00     0.00     0.00     0.00 -1    -1e-30      0.00 6.965e-01 2.905e-01 1.955e-03 1.114e-03 5.733e-03 -1.000 1.301e-02 29.767 29.725 29.988 30.036 30.024 30.021 30.069 30.067 30.084
#isochrone terminated
