# File generated by CMD 3.9 (http://stev.oapd.inaf.it/cmd) on Tue May 12 07:30:57 UTC 2026
# isochrones based on PARSEC release v1.2S +  COLIBRI S_37 + S_35 + PR16
# Basic references: Bressan et al. (2012), MNRAS, 427, 127 + Chen et al. (2014, 2015), MNRAS, 444, 2525 + MNRAS, 452, 1068 + Tang et al. (2014), MNRAS, 445, 4287 + Marigo et al. (2017), ApJ, 835, 77 + Pastorelli al. (2019), MNRAS, 485, 5666 + Pastorelli al. (2020), MNRAS, in press
# Thermal pulse cycles included 
# On RGB, assumed Reimers mass loss with efficiency eta=0.2
# LPV periods and growth rates added cf. Trabucchi et al. (2019)
# but fundamental-mode LPV periods + transition are from Trabucchi et al. (2021)
# Photometric system: <i>UBVRIJHK</i> (cf. Maiz-Apellaniz 2006 + Bessell 1990)
# Using YBC version of bolometric corrections as in Chen et al. (2019)
# O-rich circumstellar dpmod60alox40 dust from Groenewegen (2006)
# C-rich circumstellar AMCSIC15 dust from Groenewegen (2006)
# IMF: Kroupa (2001, 2002) + Kroupa et al. (2013) canonical two-part-power law IMF corrected for unresolved binaries 
# Kind of output: isochrone tables
# Zini     MH   logAge Mini        int_IMF         Mass   logL    logTe  logg  label   McoreTP C_O  period0  period1  period2  period3  period4  pmode  Mloss  tau1m   X   Y   Xc  Xn  Xo  Cexcess  Z 	 mbolmag  Umag    Bmag    Vmag    Rmag    Imag    Jmag    Hmag    Kmag
0.013 -0.05655 9.90309 0.0900000036 1.0816895926    0.090 -3.412  3.3678  5.228    1  0.000  0.545     0.00     0.00     0.00     0.00     0.00 -1 -3.95e-17      0.00 7.142e-01 2.726e-01 2.359e-03 6.364e-04 5.772e-03 -1.000 1.312e-02 13.300 22.688 19.985 18.127 15.942 13.679 11.209 10.595 10.317
0.013 -0.05655 9.90309 0.1000000015 1.1711064122    0.100 -3.225  3.3948  5.194    1  0.000  0.545     0.00     0.00     0.00     0.00     0.00 -1    -6e-17      0.00 7.139e-01 2.730e-01 2.359e-03 6.364e-04 5.772e-03 -1.000 1.312e-02 12.831 22.155 19.489 17.639 15.467 13.210 10.741 10.128 9.846
0.013 -0.05655 9.90309 0.1110261083 1.2571216638    0.111 -3.070  3.4152  5.166    1  0.000  0.545     0.00     0.00     0.00     0.00     0.00 -1 -8.38e-17      0.00 7.135e-01 2.734e-01 2.359e-03 6.364e-04 5.772e-03 -1.000 1.312e-02 12.446 21.712 19.077 17.235 15.075 12.823 10.357 9.745 9.459
0.013 -0.05655 9.90309 0.1200000048 1.3193154741    0.120 -2.956  3.4304  5.146    1  0.000  0.545     0.00     0.00     0.00     0.00     0.00 -1 -1.07e-16      0.00 7.131e-01 2.738e-01 2.359e-03 6.364e-04 5.772e-03 -1.000 1.312e-02 12.159 20.650 18.269 16.478 14.490 12.357 10.104 9.488 9.196
0.013 -0.05655 9.90309 0.1400000006 1.4384526719    0.140 -2.775  3.4495  5.109    1  0.000  0.545     0.00     0.00     0.00     0.00     0.00 -1 -1.58e-16      0.00 7.125e-01 2.743e-01 2.359e-03 6.364e-04 5.772e-03 -1.000 1.312e-02 11.707 19.234 17.133 15.426 13.654 11.680 9.697 9.078 8.785
0.013 -0.05655 9.90309 0.1599999964 1.5372931554    0.160 -2.633  3.4631  5.080    1  0.000  0.545     0.00     0.00     0.00     0.00     0.00 -1 -2.11e-16      0.00 7.120e-01 2.749e-01 2.359e-03 6.364e-04 5.772e-03 -1.000 1.312e-02 11.352 18.237 16.322 14.656 13.033 11.189 9.377 8.756 8.466
0.013 -0.05655 9.90309 0.2000000030 1.6938790862    0.200 -2.414  3.4819  5.033    1  0.000  0.545     0.00     0.00     0.00     0.00     0.00 -1  -3.3e-16      0.00 7.109e-01 2.759e-01 2.359e-03 6.364e-04 5.772e-03 -1.000 1.312e-02 10.805 16.917 15.211 13.600 12.157 10.487 8.876 8.253 7.971
0.013 -0.05655 9.90309 0.2500000000 1.8403257998    0.250 -2.204  3.4977  4.983    1  0.000  0.545     0.00     0.00     0.00     0.00     0.00 -1 -5.06e-16      0.00 7.102e-01 2.767e-01 2.359e-03 6.364e-04 5.772e-03 -1.000 1.312e-02 10.281 15.840 14.275 12.702 11.384 9.861 8.391 7.767 7.494
0.013 -0.05655 9.90309 0.3000000119 1.9529139769    0.300 -2.041  3.5081  4.940    1  0.000  0.545     0.00     0.00     0.00     0.00     0.00 -1 -8.59e-17      0.00 7.099e-01 2.769e-01 2.359e-03 6.364e-04 5.772e-03 -1.000 1.312e-02 9.872 15.122 13.632 12.092 10.842 9.400 8.007 7.380 7.116
0.013 -0.05655 9.90309 0.3208351135 1.9928503900    0.321 -1.976  3.5118  4.919    1  0.000  0.545     0.00     0.00     0.00     0.00     0.00 -1 -4.05e-16      0.00 7.123e-01 2.746e-01 2.359e-03 6.364e-04 5.772e-03 -1.000 1.312e-02 9.710 14.855 13.390 11.862 10.635 9.221 7.853 7.225 6.964
0.013 -0.05655 9.90309 0.3500000238 2.0434175133    0.350 -1.891  3.5167  4.892    1  0.000  0.545     0.00     0.00     0.00     0.00     0.00 -1 -9.78e-16      0.00 7.149e-01 2.719e-01 2.359e-03 6.364e-04 5.772e-03 -1.000 1.312e-02 9.497 14.517 13.079 11.566 10.366 8.989 7.652 7.021 6.764
0.013 -0.05655 9.90309 0.4000000358 2.1185024810    0.400 -1.746  3.5277  4.848    1  0.000  0.545     0.00     0.00     0.00     0.00     0.00 -1 -1.34e-15      0.00 7.151e-01 2.718e-01 2.359e-03 6.364e-04 5.772e-03 -1.000 1.312e-02 9.134 13.908 12.514 11.029 9.884 8.585 7.316 6.679 6.431
0.013 -0.05655 9.90309 0.4500000179 2.1822809362    0.450 -1.593  3.5402  4.797    1  0.000  0.545     0.00     0.00     0.00     0.00     0.00 -1 -1.91e-15      0.00 7.152e-01 2.717e-01 2.359e-03 6.364e-04 5.772e-03 -1.000 1.312e-02 8.753 13.294 11.930 10.475 9.383 8.167 6.967 6.322 6.083
0.013 -0.05655 9.90309 0.4992633760 2.2366940505    0.499 -1.434  3.5560  4.747    1  0.000  0.545     0.00     0.00     0.00     0.00     0.00 -1 -2.77e-15      0.00 7.152e-01 2.717e-01 2.359e-03 6.364e-04 5.772e-03 -1.000 1.312e-02 8.355 12.665 11.312 9.882 8.844 7.732 6.610 5.955 5.728
0.013 -0.05655 9.90309 0.5000000000 2.2374541529    0.500 -1.432  3.5562  4.746    1  0.000  0.545     0.00     0.00     0.00     0.00     0.00 -1 -2.79e-15      0.00 7.152e-01 2.717e-01 2.359e-03 6.364e-04 5.772e-03 -1.000 1.312e-02 8.350 12.656 11.303 9.874 8.836 7.726 6.605 5.950 5.723
0.013 -0.05655 9.90309 0.5500000119 2.2836582633    0.550 -1.255  3.5770  4.692    1  0.000  0.545     0.00     0.00     0.00     0.00     0.00 -1 -4.25e-15      0.00 7.338e-01 2.538e-01 2.215e-03 5.976e-04 5.421e-03 -1.000 1.235e-02 7.906 11.959 10.598 9.194 8.214 7.246 6.219 5.548 5.341
0.013 -0.05655 9.90309 0.6000000238 2.3211213258    0.600 -1.080  3.6024  4.658    1  0.000  0.544     0.00     0.00     0.00     0.00     0.00 -1 -6.32e-15      0.00 7.367e-01 2.511e-01 2.194e-03 5.922e-04 5.373e-03 -1.000 1.222e-02 7.471 11.254 9.872 8.518 7.598 6.784 5.847 5.156 4.988
0.013 -0.05655 9.90309 0.6499999762 2.3520353107    0.650 -0.903  3.6330  4.638    1  0.000  0.544     0.00     0.00     0.00     0.00     0.00 -1 -9.34e-15      0.00 7.392e-01 2.486e-01 2.176e-03 5.874e-04 5.330e-03 -1.000 1.212e-02 7.028 10.457 9.060 7.817 6.978 6.320 5.474 4.793 4.672
0.013 -0.05655 9.90309 0.7000000477 2.3779267258    0.700 -0.732  3.6635  4.622    1  0.000  0.544     0.00     0.00     0.00     0.00     0.00 -1 -1.36e-14      0.00 7.418e-01 2.462e-01 2.157e-03 5.826e-04 5.286e-03 -1.000 1.200e-02 6.601 9.406 8.221 7.130 6.401 5.875 5.133 4.517 4.428
0.013 -0.05655 9.90309 0.7172417045 2.3858981875    0.717 -0.675  3.6735  4.615    1  0.000  0.541     0.00     0.00     0.00     0.00     0.00 -1 -1.54e-14      0.00 7.428e-01 2.453e-01 2.140e-03 5.803e-04 5.269e-03 -1.000 1.197e-02 6.457 9.029 7.951 6.910 6.222 5.725 5.019 4.435 4.352
0.013 -0.05655 9.90309 0.7374215722 2.3946857630    0.737 -0.608  3.6850  4.606    1  0.000  0.538     0.00     0.00     0.00     0.00     0.00 -1 -1.79e-14      0.00 7.439e-01 2.441e-01 2.120e-03 5.778e-04 5.250e-03 -1.000 1.196e-02 6.291 8.608 7.653 6.665 6.023 5.554 4.888 4.342 4.265
0.013 -0.05655 9.90309 0.7500000000 2.3998889087    0.750 -0.567  3.6919  4.600    1  0.000  0.537     0.00     0.00     0.00     0.00     0.00 -1 -1.97e-14      0.00 7.446e-01 2.435e-01 2.108e-03 5.762e-04 5.237e-03 -1.000 1.190e-02 6.188 8.364 7.477 6.521 5.904 5.450 4.808 4.282 4.208
0.013 -0.05655 9.90309 0.7588013411 2.4034119077    0.759 -0.539  3.6960  4.593    1  0.000  0.537     0.00     0.00     0.00     0.00     0.00 -1  -2.1e-14      0.00 7.453e-01 2.428e-01 2.103e-03 5.749e-04 5.225e-03 -1.000 1.187e-02 6.118 8.206 7.365 6.427 5.826 5.381 4.752 4.239 4.167
0.013 -0.05655 9.90309 0.7820742726 2.4122897966    0.782 -0.465  3.7068  4.576    1  0.000  0.537     0.00     0.00     0.00     0.00     0.00 -1  -2.5e-14      0.00 7.472e-01 2.411e-01 2.090e-03 5.714e-04 5.194e-03 -1.000 1.179e-02 5.933 7.808 7.079 6.186 5.622 5.198 4.606 4.125 4.057
0.013 -0.05655 9.90309 0.7995212078 2.4185568769    0.799 -0.410  3.7147  4.562    1  0.000  0.536     0.00     0.00     0.00     0.00     0.00 -1 -2.86e-14      0.00 7.485e-01 2.398e-01 2.080e-03 5.688e-04 5.171e-03 -1.000 1.172e-02 5.796 7.522 6.873 6.011 5.473 5.064 4.497 4.038 3.974
0.013 -0.05655 9.90309 0.8029196262 2.4197412251    0.803 -0.400  3.7161  4.559    1  0.000  0.536     0.00     0.00     0.00     0.00     0.00 -1 -2.93e-14      0.00 7.488e-01 2.395e-01 2.078e-03 5.682e-04 5.166e-03 -1.000 1.171e-02 5.769 7.468 6.834 5.978 5.445 5.038 4.476 4.021 3.957
0.013 -0.05655 9.90309 0.8218320012 2.4261269348    0.821 -0.340  3.7241  4.541    1  0.000  0.536     0.00     0.00     0.00     0.00     0.00 -1 -3.39e-14      0.00 7.506e-01 2.378e-01 2.066e-03 5.648e-04 5.136e-03 -1.000 1.166e-02 5.620 7.175 6.621 5.796 5.287 4.893 4.356 3.923 3.862
0.013 -0.05655 9.90309 0.8385839462 2.4315074147    0.838 -0.287  3.7309  4.524    1  0.000  0.536     0.00     0.00     0.00     0.00     0.00 -1 -3.87e-14      0.00 7.521e-01 2.362e-01 2.055e-03 5.618e-04 5.109e-03 -1.000 1.163e-02 5.488 6.927 6.439 5.639 5.149 4.766 4.250 3.835 3.777
0.013 -0.05655 9.90309 0.8490424156 2.4347429970    0.848 -0.254  3.7351  4.513    1  0.000  0.536     0.00     0.00     0.00     0.00     0.00 -1  -4.2e-14      0.00 7.531e-01 2.352e-01 2.048e-03 5.600e-04 5.092e-03 -1.000 1.161e-02 5.405 6.775 6.325 5.542 5.064 4.688 4.185 3.780 3.724
0.013 -0.05655 9.90309 0.8495476246 2.4348969777    0.849 -0.253  3.7353  4.513    1  0.000  0.536     0.00     0.00     0.00     0.00     0.00 -1 -4.21e-14      0.00 7.532e-01 2.352e-01 2.047e-03 5.599e-04 5.091e-03 -1.000 1.161e-02 5.401 6.768 6.319 5.537 5.060 4.684 4.181 3.778 3.722
0.013 -0.05655 9.90309 0.8673928976 2.4402039178    0.867 -0.196  3.7418  4.491    1  0.000  0.536     0.00     0.00     0.00     0.00     0.00 -1 -4.87e-14      0.00 7.553e-01 2.332e-01 2.032e-03 5.559e-04 5.056e-03 -1.000 1.149e-02 5.259 6.514 6.128 5.373 4.914 4.550 4.067 3.680 3.626
0.013 -0.05655 9.90309 0.8838722706 2.4448864271    0.883 -0.143  3.7476  4.469    1  0.000  0.536     0.00     0.00     0.00     0.00     0.00 -1 -5.59e-14      0.00 7.572e-01 2.314e-01 2.019e-03 5.521e-04 5.022e-03 -1.000 1.143e-02 5.127 6.279 5.955 5.224 4.782 4.427 3.961 3.587 3.537
0.013 -0.05655 9.90309 0.8985635638 2.4488947628    0.898 -0.095  3.7526  4.449    1  0.000  0.536     0.00     0.00     0.00     0.00     0.00 -1 -6.32e-14      0.00 7.590e-01 2.297e-01 2.006e-03 5.487e-04 4.992e-03 -1.000 1.133e-02 5.008 6.081 5.804 5.093 4.665 4.318 3.865 3.502 3.454
0.013 -0.05655 9.90309 0.8992272615 2.4490722917    0.898 -0.093  3.7528  4.448    1  0.000  0.536     0.00     0.00     0.00     0.00     0.00 -1 -6.36e-14      0.00 7.591e-01 2.296e-01 2.005e-03 5.485e-04 4.990e-03 -1.000 1.133e-02 5.003 6.072 5.797 5.087 4.660 4.313 3.860 3.498 3.450
0.013 -0.05655 9.90309 0.9206918478 2.4546554233    0.920 -0.022  3.7592  4.412    1  0.000  0.536     0.00     0.00     0.00     0.00     0.00 -1 -7.71e-14      0.00 7.623e-01 2.265e-01 1.982e-03 5.423e-04 4.934e-03 -1.000 1.120e-02 4.825 5.797 5.578 4.895 4.484 4.146 3.711 3.363 3.319
0.013 -0.05655 9.90309 0.9310982227 2.4572559092    0.930  0.013  3.7621  4.393    1  0.000  0.535     0.00     0.00     0.00     0.00     0.00 -1  -8.5e-14      0.00 7.639e-01 2.249e-01 1.971e-03 5.393e-04 4.907e-03 -1.000 1.116e-02 4.737 5.667 5.472 4.801 4.397 4.064 3.637 3.295 3.252
0.013 -0.05655 9.90309 0.9480847716 2.4613600277    0.947  0.071  3.7664  4.361    1  0.000  0.535     0.00     0.00     0.00     0.00     0.00 -1    -1e-13      0.00 7.666e-01 2.223e-01 1.952e-03 5.342e-04 4.861e-03 -1.000 1.107e-02 4.592 5.463 5.299 4.647 4.255 3.929 3.513 3.181 3.140
0.013 -0.05655 9.90309 0.9557359815 2.4631539258    0.955  0.098  3.7681  4.345    1  0.000  0.535     0.00     0.00     0.00     0.00     0.00 -1 -1.08e-13      0.00 7.682e-01 2.208e-01 1.940e-03 5.312e-04 4.834e-03 -1.000 1.100e-02 4.526 5.373 5.222 4.578 4.190 3.867 3.455 3.128 3.087
0.013 -0.05655 9.90309 0.9720771909 2.4668767542    0.971  0.154  3.7711  4.308    1  0.000  0.535     0.00     0.00     0.00     0.00     0.00 -1 -1.27e-13      0.00 7.715e-01 2.176e-01 1.917e-03 5.248e-04 4.777e-03 -1.000 1.088e-02 4.386 5.194 5.063 4.432 4.052 3.734 3.330 3.009 2.970
0.013 -0.05655 9.90309 0.9857447147 2.4698817026    0.985  0.201  3.7730  4.275    1  0.000  0.535     0.00     0.00     0.00     0.00     0.00 -1 -1.46e-13      0.00 7.739e-01 2.153e-01 1.901e-03 5.204e-04 4.738e-03 -1.000 1.077e-02 4.268 5.052 4.933 4.311 3.936 3.621 3.222 2.905 2.867
0.013 -0.05655 9.90309 0.9966647029 2.4722145850    0.996  0.242  3.7744  4.244    1  0.000  0.535     0.00     0.00     0.00     0.00     0.00 -1 -1.65e-13      0.00 7.744e-01 2.148e-01 1.897e-03 5.195e-04 4.731e-03 -1.000 1.076e-02 4.166 4.932 4.822 4.207 3.835 3.523 3.128 2.814 2.776
0.013 -0.05655 9.90309 0.9976059794 2.4724129260    0.997  0.245  3.7745  4.242    1  0.000  0.535     0.00     0.00     0.00     0.00     0.00 -1 -1.67e-13      0.00 7.744e-01 2.148e-01 1.897e-03 5.196e-04 4.731e-03 -1.000 1.077e-02 4.157 4.922 4.812 4.197 3.827 3.514 3.119 2.806 2.768
0.013 -0.05655 9.90309 1.0000809431 2.4729323898    0.999  0.255  3.7748  4.234    1  0.000  0.535     0.00     0.00     0.00     0.00     0.00 -1 -1.72e-13      0.00 7.745e-01 2.147e-01 1.897e-03 5.195e-04 4.730e-03 -1.000 1.080e-02 4.133 4.894 4.786 4.173 3.803 3.491 3.097 2.784 2.746
0.013 -0.05655 9.90309 1.0059727430 2.4741571853    1.005  0.278  3.7752  4.215    1  0.000  0.535     0.00     0.00     0.00     0.00     0.00 -1 -1.83e-13      0.00 7.747e-01 2.145e-01 1.896e-03 5.192e-04 4.728e-03 -1.000 1.079e-02 4.075 4.831 4.725 4.114 3.745 3.434 3.040 2.728 2.691
0.013 -0.05655 9.90309 1.0157592297 2.4761555473    1.015  0.318  3.7753  4.179    1  0.000  0.535     0.00     0.00     0.00     0.00     0.00 -1 -2.05e-13      0.00 7.746e-01 2.146e-01 1.899e-03 5.200e-04 4.735e-03 -1.000 1.078e-02 3.974 4.728 4.623 4.013 3.645 3.334 2.941 2.630 2.592
0.013 -0.05655 9.90309 1.0268508196 2.4783675322    1.026  0.365  3.7745  4.134    1  0.000  0.535     0.00     0.00     0.00     0.00     0.00 -1 -2.35e-13      0.00 7.732e-01 2.159e-01 1.913e-03 5.239e-04 4.771e-03 -1.000 1.088e-02 3.856 4.618 4.508 3.896 3.526 3.215 2.819 2.506 2.469
0.013 -0.05655 9.90309 1.0342582464 2.4798144403    1.033  0.398  3.7732  4.099    1  0.000  0.534     0.00     0.00     0.00     0.00     0.00 -1  -2.6e-13      0.00 7.715e-01 2.175e-01 1.928e-03 5.283e-04 4.811e-03 -1.000 1.100e-02 3.775 4.551 4.433 3.816 3.444 3.131 2.732 2.416 2.378
0.013 -0.05655 9.90309 1.0364024639 2.4802288382    1.035  0.408  3.7725  4.087    1  0.000  0.534     0.00     0.00     0.00     0.00     0.00 -1 -2.69e-13      0.00 7.701e-01 2.188e-01 1.940e-03 5.314e-04 4.839e-03 -1.000 1.106e-02 3.751 4.535 4.413 3.793 3.420 3.105 2.704 2.386 2.348
0.013 -0.05655 9.90309 1.0451020002 2.4818900941    1.044  0.447  3.7682  4.035    2  0.000  0.534     0.00     0.00     0.00     0.00     0.00 -1 -3.08e-13      0.00 7.629e-01 2.258e-01 1.996e-03 5.469e-04 4.980e-03 -1.000 1.134e-02 3.654 4.487 4.340 3.703 3.320 2.999 2.586 2.260 2.219
0.013 -0.05655 9.90309 1.0471271276 2.4822722586    1.046  0.455  3.7668  4.021    2  0.000  0.535     0.00     0.00     0.00     0.00     0.00 -1 -3.18e-13      0.00 7.606e-01 2.280e-01 2.014e-03 5.517e-04 5.023e-03 -1.000 1.144e-02 3.632 4.482 4.326 3.683 3.298 2.974 2.558 2.227 2.186
0.013 -0.05655 9.90309 1.0491331816 2.4826491514    1.048  0.464  3.7653  4.007    2  0.000  0.535     0.00     0.00     0.00     0.00     0.00 -1 -3.28e-13      0.00 7.583e-01 2.302e-01 2.032e-03 5.564e-04 5.066e-03 -1.000 1.154e-02 3.610 4.477 4.313 3.664 3.275 2.949 2.529 2.195 2.154
0.013 -0.05655 9.90309 1.0554035902 2.4838166045    1.054  0.485  3.7565  3.953    2  0.000  0.535     0.00     0.00     0.00     0.00     0.00 -1 -3.62e-13      0.00 7.482e-01 2.399e-01 2.104e-03 5.759e-04 5.241e-03 -1.000 1.191e-02 3.556 4.536 4.314 3.629 3.220 2.879 2.435 2.081 2.036
0.013 -0.05655 9.90309 1.0593024492 2.4845345031    1.058  0.489  3.7465  3.911    2  0.000  0.536     0.00     0.00     0.00     0.00     0.00 -1 -3.81e-13      0.00 7.404e-01 2.473e-01 2.157e-03 5.903e-04 5.369e-03 -1.000 1.224e-02 3.548 4.666 4.369 3.644 3.211 2.855 2.382 2.004 1.955
0.013 -0.05655 9.90309 1.0616821051 2.4849696915    1.060  0.483  3.7370  3.880    2  0.000  0.536     0.00     0.00     0.00     0.00     0.00 -1 -3.89e-13      0.00 7.353e-01 2.523e-01 2.192e-03 5.994e-04 5.450e-03 -1.000 1.243e-02 3.562 4.816 4.444 3.684 3.229 2.858 2.357 1.955 1.902
0.013 -0.05655 9.90309 1.0633530617 2.4852739355    1.062  0.478  3.7285  3.852    2  0.000  0.536     0.00     0.00     0.00     0.00     0.00 -1 -3.95e-13      0.00 7.319e-01 2.556e-01 2.214e-03 6.053e-04 5.504e-03 -1.000 1.252e-02 3.576 4.954 4.518 3.725 3.250 2.865 2.338 1.914 1.858
0.013 -0.05655 9.90309 1.0649390221 2.4855616883    1.063  0.477  3.7200  3.820    2  0.000  0.537     0.00     0.00     0.00     0.00     0.00 -1 -4.07e-13      0.00 7.290e-01 2.584e-01 2.233e-03 6.103e-04 5.548e-03 -1.000 1.260e-02 3.578 5.091 4.584 3.759 3.261 2.862 2.307 1.860 1.801
0.013 -0.05655 9.90309 1.0668431520 2.4859058696    1.065  0.492  3.7107  3.768    2  0.000  0.537     0.00     0.00     0.00     0.00     0.00 -1 -4.44e-13      0.00 7.258e-01 2.615e-01 2.252e-03 6.153e-04 5.591e-03 -1.000 1.273e-02 3.540 5.203 4.617 3.757 3.236 2.821 2.235 1.761 1.698
0.013 -0.05655 9.90309 1.0685337782 2.4862102770    1.067  0.524  3.7045  3.712    2  0.000  0.537     0.00     0.00     0.00     0.00     0.00 -1 -5.07e-13      0.00 7.229e-01 2.643e-01 2.265e-03 6.189e-04 5.623e-03 -1.000 1.278e-02 3.460 5.227 4.589 3.705 3.167 2.740 2.134 1.642 1.577
0.013 -0.05655 9.90309 1.0690084696 2.4862955490    1.067  0.535  3.7030  3.696    2  0.000  0.537     0.00     0.00     0.00     0.00     0.00 -1  -5.3e-13      0.00 7.221e-01 2.651e-01 2.269e-03 6.198e-04 5.632e-03 -1.000 1.279e-02 3.434 5.226 4.575 3.685 3.143 2.714 2.102 1.606 1.540
0.013 -0.05655 9.90309 1.0697069168 2.4864208574    1.068  0.556  3.7014  3.668    3  0.000  0.537     0.00     0.00     0.00     0.00     0.00 -1 -5.72e-13      0.00 7.209e-01 2.663e-01 2.272e-03 6.210e-04 5.641e-03 -1.000 1.282e-02 3.381 5.198 4.535 3.639 3.094 2.661 2.044 1.543 1.476
0.013 -0.05655 9.90309 1.0710533857 2.4866618973    1.069  0.600  3.6987  3.614    3  0.000  0.536     0.00     0.00     0.00     0.00     0.00 -1 -6.72e-13      0.00 7.182e-01 2.689e-01 2.274e-03 6.239e-04 5.658e-03 -1.000 1.285e-02 3.270 5.130 4.448 3.541 2.989 2.551 1.924 1.415 1.347
0.013 -0.05655 9.90309 1.0724616051 2.4869132469    1.070  0.653  3.6964  3.552    3  0.000  0.530     0.00     0.00     0.00     0.00     0.00 -1 -8.11e-13      0.00 7.149e-01 2.722e-01 2.256e-03 6.374e-04 5.674e-03 -1.000 1.290e-02 3.138 5.032 4.334 3.419 2.862 2.419 1.784 1.268 1.199
0.013 -0.05655 9.90309 1.0737322569 2.4871393918    1.072  0.707  3.6947  3.492    3  0.000  0.515     0.00     0.00     0.00     0.00     0.00 -1 -9.81e-13      0.00 7.113e-01 2.757e-01 2.195e-03 6.974e-04 5.686e-03 -1.000 1.297e-02 3.004 4.924 4.215 3.293 2.732 2.286 1.644 1.123 1.053
0.013 -0.05655 9.90309 1.0746583939 2.4873038341    1.073  0.749  3.6934  3.445    3  0.000  0.498     0.00     0.00     0.00     0.00     0.00 -1 -1.14e-12      0.00 7.087e-01 2.784e-01 2.127e-03 7.759e-04 5.693e-03 -1.000 1.297e-02 2.897 4.840 4.120 3.192 2.628 2.179 1.533 1.008 0.938
0.013 -0.05655 9.90309 1.0754606724 2.4874460212    1.073  0.789  3.6923  3.401    3  0.000  0.484     0.00     0.00     0.00     0.00     0.00 -1 -1.32e-12      0.00 7.063e-01 2.807e-01 2.069e-03 8.491e-04 5.698e-03 -1.000 1.298e-02 2.797 4.761 4.031 3.097 2.530 2.080 1.429 0.901 0.831
0.013 -0.05655 9.90309 1.0762352943 2.4875830755    1.074  0.830  3.6911  3.355    3  0.000  0.472     0.00     0.00     0.00     0.00     0.00 -1 -1.52e-12      0.00 7.043e-01 2.827e-01 2.020e-03 9.102e-04 5.702e-03 -1.000 1.301e-02 2.694 4.679 3.939 2.999 2.430 1.976 1.322 0.790 0.719
0.013 -0.05655 9.90309 1.0771472454 2.4877441369    1.075  0.884  3.6896  3.296    3  0.000  0.461     0.00     0.00     0.00     0.00     0.00 -1 -1.84e-12      0.00 7.020e-01 2.850e-01 1.975e-03 9.685e-04 5.707e-03 -1.000 1.302e-02 2.561 4.574 3.821 2.873 2.300 1.844 1.184 0.648 0.576
0.013 -0.05655 9.90309 1.0778089762 2.4878608103    1.076  0.926  3.6883  3.249    3  0.000  0.455     0.00     0.00     0.00     0.00     0.00 -1 -2.13e-12      0.00 7.006e-01 2.864e-01 1.950e-03 1.000e-03 5.709e-03 -1.000 1.305e-02 2.456 4.493 3.729 2.774 2.198 1.739 1.074 0.535 0.463
0.013 -0.05655 9.90309 1.0785554647 2.4879922301    1.076  0.977  3.6866  3.191    3  0.000  0.450     0.00     0.00     0.00     0.00     0.00 -1 -2.56e-12      0.00 6.991e-01 2.879e-01 1.926e-03 1.031e-03 5.711e-03 -1.000 1.303e-02 2.327 4.396 3.617 2.654 2.073 1.610 0.940 0.395 0.323
0.013 -0.05655 9.90309 1.0790801048 2.4880844683    1.077  1.017  3.6853  3.146    3  0.000  0.447     0.00     0.00     0.00     0.00     0.00 -1 -2.95e-12      0.00 6.982e-01 2.887e-01 1.913e-03 1.048e-03 5.713e-03 -1.000 1.305e-02 2.228 4.323 3.532 2.562 1.977 1.512 0.836 0.288 0.215
0.013 -0.05655 9.90309 1.0795886517 2.4881737787    1.077  1.058  3.6838  3.099    3  0.000  0.444     0.00     0.00     0.00     0.00     0.00 -1 -3.43e-12      0.00 6.976e-01 2.894e-01 1.903e-03 1.060e-03 5.714e-03 -1.000 1.306e-02 2.125 4.249 3.444 2.466 1.878 1.409 0.728 0.176 0.102
0.013 -0.05655 9.90309 1.0801707506 2.4882758875    1.078  1.110  3.6818  3.040    3  0.000  0.442     0.00     0.00     0.00     0.00     0.00 -1 -4.13e-12      0.00 6.970e-01 2.899e-01 1.895e-03 1.071e-03 5.715e-03 -1.000 1.305e-02 1.995 4.160 3.335 2.347 1.754 1.281 0.592 0.034 -0.041
0.013 -0.05655 9.90309 1.0806874037 2.4883664101    1.078  1.160  3.6798  2.982    3  0.000  0.441     0.00     0.00     0.00     0.00     0.00 -1 -4.95e-12      0.00 6.966e-01 2.903e-01 1.889e-03 1.078e-03 5.715e-03 -1.000 1.309e-02 1.869 4.074 3.229 2.232 1.633 1.156 0.459 -0.105 -0.181
0.013 -0.05655 9.90309 1.0811450481 2.4884465108    1.079  1.210  3.6777  2.924    3  0.000  0.440     0.00     0.00     0.00     0.00     0.00 -1 -5.92e-12      0.00 6.965e-01 2.904e-01 1.888e-03 1.081e-03 5.716e-03 -1.000 1.308e-02 1.746 3.994 3.128 2.121 1.516 1.034 0.330 -0.241 -0.318
0.013 -0.05655 9.90309 1.0815687180 2.4885205955    1.079  1.260  3.6754  2.865    3  0.000  0.440     0.00     0.00     0.00     0.00     0.00 -1 -7.11e-12      0.00 6.964e-01 2.905e-01 1.886e-03 1.082e-03 5.716e-03 -1.000 1.308e-02 1.620 3.914 3.025 2.008 1.397 0.910 0.197 -0.381 -0.459
0.013 -0.05655 9.90309 1.0819399357 2.4885854534    1.079  1.308  3.6732  2.808    3  0.000  0.440     0.00     0.00     0.00     0.00     0.00 -1 -8.49e-12      0.00 6.964e-01 2.905e-01 1.886e-03 1.083e-03 5.716e-03 -1.000 1.309e-02 1.499 3.838 2.928 1.899 1.282 0.791 0.069 -0.515 -0.595
0.013 -0.05655 9.90309 1.0822780132 2.4886444766    1.079  1.356  3.6709  2.750    3  0.000  0.440     0.00     0.00     0.00     0.00     0.00 -1 -1.01e-11      0.00 6.964e-01 2.905e-01 1.885e-03 1.083e-03 5.716e-03 -1.000 1.309e-02 1.379 3.765 2.831 1.792 1.169 0.672 -0.058 -0.649 -0.730
0.013 -0.05655 9.90309 1.0825860500 2.4886982182    1.080  1.404  3.6686  2.694    3  0.000  0.440     0.00     0.00     0.00     0.00     0.00 -1 -1.21e-11      0.00 6.964e-01 2.905e-01 1.885e-03 1.084e-03 5.716e-03 -1.000 1.309e-02 1.260 3.695 2.738 1.688 1.057 0.556 -0.184 -0.782 -0.865
0.013 -0.05655 9.90309 1.0828684568 2.4887474574    1.080  1.451  3.6661  2.637    3  0.000  0.440     0.00     0.00     0.00     0.00     0.00 -1 -1.43e-11      0.00 6.964e-01 2.905e-01 1.885e-03 1.084e-03 5.716e-03 -1.000 1.309e-02 1.143 3.629 2.647 1.586 0.948 0.441 -0.308 -0.914 -0.998
0.013 -0.05655 9.90309 1.0831309557 2.4887931991    1.080  1.497  3.6637  2.581    3  0.000  0.440     0.00     0.00     0.00     0.00     0.00 -1  -1.7e-11      0.00 6.964e-01 2.905e-01 1.885e-03 1.084e-03 5.716e-03 -1.000 1.309e-02 1.028 3.565 2.558 1.485 0.841 0.328 -0.430 -1.043 -1.129
0.013 -0.05655 9.90309 1.0833786726 2.4888363416    1.080  1.541  3.6613  2.528    3  0.000  0.440     0.00     0.00     0.00     0.00     0.00 -1    -2e-11      0.00 6.964e-01 2.905e-01 1.884e-03 1.085e-03 5.716e-03 -1.000 1.309e-02 0.918 3.505 2.474 1.390 0.739 0.221 -0.546 -1.168 -1.255
0.013 -0.05655 9.90309 1.0836865902 2.4888899370    1.080  1.586  3.6589  2.473    3  0.000  0.439     0.00     0.00     0.00     0.00     0.00 -1 -2.37e-11      0.00 6.964e-01 2.906e-01 1.884e-03 1.085e-03 5.716e-03 -1.000 1.309e-02 0.805 3.453 2.391 1.293 0.634 0.111 -0.666 -1.295 -1.384
0.013 -0.05655 9.90309 1.0837832689 2.4889067574    1.080  1.593  3.6586  2.465    3  0.000  0.439     0.00     0.00     0.00     0.00     0.00 -1 -2.44e-11      0.00 6.964e-01 2.906e-01 1.884e-03 1.085e-03 5.717e-03 -1.000 1.309e-02 0.787 3.445 2.377 1.277 0.617 0.093 -0.685 -1.315 -1.404
0.013 -0.05655 9.90309 1.0839848518 2.4889418183    1.080  1.563  3.6607  2.503    3  0.000  0.439     0.00     0.00     0.00     0.00     0.00 -1  -2.2e-11      0.00 6.964e-01 2.906e-01 1.884e-03 1.085e-03 5.717e-03 -1.000 1.309e-02 0.862 3.463 2.426 1.339 0.686 0.167 -0.603 -1.226 -1.314
0.013 -0.05655 9.90309 1.0841271877 2.4889665655    1.080  1.525  3.6632  2.551    3  0.000  0.439     0.00     0.00     0.00     0.00     0.00 -1 -1.92e-11      0.00 6.963e-01 2.906e-01 1.884e-03 1.086e-03 5.717e-03 -1.000 1.309e-02 0.957 3.505 2.493 1.418 0.772 0.259 -0.502 -1.117 -1.203
0.013 -0.05655 9.90309 1.0841510296 2.4889707100    1.080  1.518  3.6636  2.560    3  0.000  0.439     0.00     0.00     0.00     0.00     0.00 -1 -1.86e-11      0.00 6.963e-01 2.906e-01 1.884e-03 1.086e-03 5.717e-03 -1.000 1.309e-02 0.974 3.512 2.505 1.432 0.788 0.275 -0.484 -1.097 -1.183
0.013 -0.05655 9.90309 1.0841844082 2.4889765120    1.080  1.524  3.6633  2.553    3  0.000  0.439     0.00     0.00     0.00     0.00     0.00 -1 -1.89e-11      0.00 6.963e-01 2.906e-01 1.884e-03 1.086e-03 5.717e-03 -1.000 1.309e-02 0.959 3.504 2.494 1.419 0.774 0.261 -0.499 -1.114 -1.200
0.013 -0.05655 9.90309 1.0843847990 2.4890113359    1.081  1.571  3.6606  2.495    3  0.000  0.439     0.00     0.00     0.00     0.00     0.00 -1 -2.22e-11      0.00 6.963e-01 2.906e-01 1.883e-03 1.086e-03 5.717e-03 -1.000 1.309e-02 0.842 3.445 2.406 1.319 0.666 0.147 -0.624 -1.247 -1.335
0.013 -0.05655 9.90309 1.0845853090 2.4890461658    1.081  1.617  3.6580  2.439    3  0.000  0.439     0.00     0.00     0.00     0.00     0.00 -1 -2.63e-11      0.00 6.963e-01 2.906e-01 1.883e-03 1.086e-03 5.717e-03 -1.000 1.309e-02 0.728 3.406 2.327 1.222 0.560 0.035 -0.746 -1.377 -1.466
0.013 -0.05655 9.90309 1.0847775936 2.4890795529    1.081  1.663  3.6553  2.381    3  0.000  0.439     0.00     0.00     0.00     0.00     0.00 -1 -3.13e-11      0.00 6.963e-01 2.906e-01 1.883e-03 1.086e-03 5.717e-03 -1.000 1.309e-02 0.612 3.370 2.249 1.126 0.453 -0.079 -0.870 -1.509 -1.600
0.013 -0.05655 9.90309 1.0849559307 2.4891105061    1.081  1.710  3.6526  2.324    3  0.000  0.439     0.00     0.00     0.00     0.00     0.00 -1 -3.72e-11      0.00 6.963e-01 2.906e-01 1.883e-03 1.087e-03 5.717e-03 -1.000 1.309e-02 0.496 3.334 2.171 1.029 0.347 -0.192 -0.994 -1.641 -1.734
0.013 -0.05655 9.90309 1.0851159096 2.4891382630    1.081  1.755  3.6498  2.268    3  0.000  0.439     0.00     0.00     0.00     0.00     0.00 -1 -4.41e-11      0.00 6.963e-01 2.906e-01 1.883e-03 1.087e-03 5.717e-03 -1.000 1.309e-02 0.383 3.303 2.097 0.937 0.244 -0.302 -1.115 -1.770 -1.865
0.013 -0.05655 9.90309 1.0852668285 2.4891644393    1.081  1.801  3.6469  2.211    3  0.000  0.439     0.00     0.00     0.00     0.00     0.00 -1 -5.23e-11      0.00 6.963e-01 2.906e-01 1.883e-03 1.087e-03 5.717e-03 -1.000 1.309e-02 0.268 3.276 2.023 0.844 0.141 -0.413 -1.238 -1.902 -1.998
0.013 -0.05655 9.90309 1.0854029655 2.4891880446    1.081  1.846  3.6441  2.154    3  0.000  0.439     0.00     0.00     0.00     0.00     0.00 -1  -6.2e-11      0.00 6.963e-01 2.906e-01 1.882e-03 1.087e-03 5.717e-03 -1.000 1.309e-02 0.156 3.250 1.952 0.754 0.040 -0.522 -1.358 -2.031 -2.129
0.013 -0.05655 9.90309 1.0855278969 2.4892097009    1.080  1.890  3.6413  2.098    3  0.000  0.439     0.00     0.00     0.00     0.00     0.00 -1 -7.33e-11      0.00 6.963e-01 2.906e-01 1.882e-03 1.087e-03 5.717e-03 -1.000 1.309e-02 0.044 3.227 1.883 0.666 -0.060 -0.629 -1.477 -2.159 -2.259
0.013 -0.05655 9.90309 1.0856438875 2.4892298023    1.080  1.935  3.6384  2.042    3  0.000  0.439     0.00     0.00     0.00     0.00     0.00 -1 -8.67e-11      0.00 6.963e-01 2.906e-01 1.882e-03 1.087e-03 5.717e-03 -1.000 1.309e-02 -0.067 3.206 1.815 0.579 -0.158 -0.737 -1.596 -2.287 -2.390
0.013 -0.05655 9.90309 1.0857486725 2.4892479574    1.080  1.979  3.6354  1.986    3  0.000  0.439     0.00     0.00     0.00     0.00     0.00 -1 -1.02e-10      0.00 6.963e-01 2.906e-01 1.882e-03 1.088e-03 5.717e-03 -1.000 1.309e-02 -0.177 3.184 1.751 0.494 -0.253 -0.841 -1.713 -2.412 -2.517
0.013 -0.05655 9.90309 1.0858459473 2.4892648077    1.080  2.023  3.6325  1.930    3  0.000  0.439     0.00     0.00     0.00     0.00     0.00 -1 -1.21e-10      0.00 6.963e-01 2.906e-01 1.882e-03 1.088e-03 5.717e-03 -1.000 1.309e-02 -0.288 3.137 1.686 0.405 -0.349 -0.945 -1.830 -2.533 -2.643
0.013 -0.05655 9.90309 1.0859334469 2.4892799618    1.080  2.066  3.6295  1.875    3  0.000  0.439     0.00     0.00     0.00     0.00     0.00 -1 -1.42e-10      0.00 6.963e-01 2.906e-01 1.882e-03 1.088e-03 5.717e-03 -1.000 1.309e-02 -0.396 3.094 1.624 0.320 -0.441 -1.046 -1.943 -2.651 -2.766
0.013 -0.05655 9.90309 1.0860145092 2.4892939984    1.079  2.110  3.6265  1.820    3  0.000  0.439     0.00     0.00     0.00     0.00     0.00 -1 -1.68e-10      0.00 6.963e-01 2.906e-01 1.882e-03 1.088e-03 5.717e-03 -1.000 1.309e-02 -0.504 3.046 1.562 0.236 -0.532 -1.146 -2.057 -2.769 -2.889
0.013 -0.05655 9.90309 1.0860888958 2.4893068770    1.079  2.153  3.6235  1.765    3  0.000  0.439     0.00     0.00     0.00     0.00     0.00 -1 -1.97e-10      0.00 6.963e-01 2.906e-01 1.882e-03 1.088e-03 5.717e-03 -1.000 1.309e-02 -0.612 2.997 1.500 0.153 -0.623 -1.246 -2.170 -2.886 -3.012
0.013 -0.05655 9.90309 1.0861569643 2.4893186600    1.079  2.195  3.6205  1.710    3  0.000  0.439     0.00     0.00     0.00     0.00     0.00 -1 -2.32e-10      0.00 6.963e-01 2.906e-01 1.882e-03 1.088e-03 5.717e-03 -1.000 1.309e-02 -0.718 2.948 1.438 0.070 -0.712 -1.343 -2.281 -3.002 -3.134
0.013 -0.05655 9.90309 1.0862206221 2.4893296779    1.079  2.238  3.6175  1.655    3  0.000  0.439     0.00     0.00     0.00     0.00     0.00 -1 -2.73e-10      0.00 6.963e-01 2.906e-01 1.882e-03 1.088e-03 5.717e-03 -1.000 1.309e-02 -0.825 2.895 1.375 -0.011 -0.800 -1.441 -2.393 -3.119 -3.257
0.013 -0.05655 9.90309 1.0862774849 2.4893395185    1.078  2.280  3.6144  1.601    3  0.000  0.439     0.00     0.00     0.00     0.00     0.00 -1  -3.2e-10      0.00 6.963e-01 2.906e-01 1.882e-03 1.088e-03 5.717e-03 -1.000 1.309e-02 -0.929 2.847 1.317 -0.088 -0.883 -1.535 -2.501 -3.232 -3.376
0.013 -0.05655 9.90309 1.0863311291 2.4893488009    1.078  2.322  3.6113  1.546    3  0.000  0.439     0.00     0.00     0.00     0.00     0.00 -1 -3.76e-10      0.00 6.963e-01 2.906e-01 1.882e-03 1.088e-03 5.717e-03 -1.000 1.309e-02 -1.034 2.798 1.257 -0.166 -0.968 -1.630 -2.611 -3.346 -3.498
0.013 -0.05655 9.90309 1.0863808393 2.4893574018    1.077  2.364  3.6082  1.491    3  0.000  0.439     0.00     0.00     0.00     0.00     0.00 -1 -4.41e-10      0.00 6.963e-01 2.906e-01 1.882e-03 1.088e-03 5.717e-03 -1.000 1.309e-02 -1.139 2.754 1.198 -0.241 -1.052 -1.724 -2.721 -3.462 -3.620
0.013 -0.05655 9.90309 1.0864256620 2.4893651562    1.077  2.405  3.6050  1.438    3  0.000  0.439     0.00     0.00     0.00     0.00     0.00 -1 -5.17e-10      0.00 6.963e-01 2.906e-01 1.882e-03 1.088e-03 5.717e-03 -1.000 1.309e-02 -1.241 2.755 1.153 -0.305 -1.129 -1.818 -2.831 -3.580 -3.743
0.013 -0.05655 9.90309 1.0864676237 2.4893724149    1.076  2.446  3.6019  1.384    3  0.000  0.439     0.00     0.00     0.00     0.00     0.00 -1 -6.05e-10      0.00 6.963e-01 2.906e-01 1.881e-03 1.089e-03 5.717e-03 -1.000 1.309e-02 -1.344 2.756 1.106 -0.371 -1.208 -1.913 -2.940 -3.699 -3.866
0.013 -0.05655 9.90309 1.0865061283 2.4893790751    1.075  2.486  3.5987  1.330    3  0.000  0.439     0.00     0.00     0.00     0.00     0.00 -1 -7.08e-10      0.00 6.963e-01 2.906e-01 1.881e-03 1.089e-03 5.717e-03 -1.000 1.309e-02 -1.446 2.757 1.063 -0.431 -1.283 -2.005 -3.049 -3.817 -3.989
0.013 -0.05655 9.90309 1.0865414143 2.4893851781    1.075  2.526  3.5954  1.277    3  0.000  0.439    11.85     8.62     6.04     4.65     3.77  4 -8.26e-10      0.00 6.963e-01 2.906e-01 1.881e-03 1.089e-03 5.717e-03 -1.000 1.309e-02 -1.546 2.757 1.024 -0.486 -1.352 -2.096 -3.157 -3.933 -4.110
0.013 -0.05655 9.90309 1.0865741968 2.4893908477    1.074  2.566  3.5923  1.224    3  0.000  0.439    13.23     9.49     6.62     5.10     4.14  4 -9.64e-10      0.00 6.963e-01 2.906e-01 1.881e-03 1.089e-03 5.717e-03 -1.000 1.309e-02 -1.646 2.756 0.984 -0.542 -1.423 -2.187 -3.264 -4.049 -4.231
0.013 -0.05655 9.90309 1.0866041183 2.4893960221    1.073  2.605  3.5890  1.171    3  0.000  0.439    14.75    10.43     7.25     5.59     4.54  3 -1.12e-09      0.00 6.963e-01 2.906e-01 1.881e-03 1.089e-03 5.717e-03 -1.000 1.309e-02 -1.744 2.759 0.949 -0.592 -1.488 -2.275 -3.370 -4.163 -4.350
0.013 -0.05655 9.90309 1.0866320133 2.4894008458    1.072  2.644  3.5856  1.119    3  0.000  0.439    16.45    11.47     7.93     6.13     4.98  3 -1.31e-09      0.00 6.963e-01 2.906e-01 1.881e-03 1.089e-03 5.717e-03 -1.000 1.309e-02 -1.841 2.759 0.919 -0.635 -1.547 -2.361 -3.475 -4.277 -4.469
0.013 -0.05655 9.90309 1.0866581202 2.4894053600    1.071  2.683  3.5824  1.066    3  0.000  0.439    18.33    12.61     8.68     6.72     5.46  3 -1.52e-09      0.00 6.963e-01 2.906e-01 1.881e-03 1.089e-03 5.717e-03 -1.000 1.309e-02 -1.938 2.759 0.889 -0.679 -1.607 -2.447 -3.579 -4.391 -4.588
0.013 -0.05655 9.90309 1.0866822004 2.4894095236    1.070  2.721  3.5790  1.014    3  0.000  0.439    20.42    13.85     9.50     7.36     5.98  3 -1.77e-09      0.00 6.963e-01 2.906e-01 1.881e-03 1.089e-03 5.717e-03 -1.000 1.309e-02 -2.033 2.761 0.864 -0.716 -1.660 -2.531 -3.683 -4.503 -4.705
0.013 -0.05655 9.90309 1.0867094994 2.4894142434    1.069  2.767  3.5747  0.950    3  0.000  0.439    23.30    15.54    10.60     8.23     6.69  3 -2.12e-09      0.00 6.963e-01 2.906e-01 1.881e-03 1.089e-03 5.717e-03 -1.000 1.309e-02 -2.149 2.766 0.848 -0.742 -1.711 -2.630 -3.809 -4.640 -4.849
0.013 -0.05655 9.90309 1.0867346525 2.4894185920    1.067  2.813  3.5705  0.887    3  0.000  0.439    26.57    17.42    11.82     9.19     7.47  3 -2.54e-09      0.00 6.963e-01 2.906e-01 1.881e-03 1.089e-03 5.717e-03 -1.000 1.309e-02 -2.263 2.773 0.834 -0.767 -1.761 -2.728 -3.935 -4.775 -4.991
0.013 -0.05655 9.90309 1.0867578983 2.4894226107    1.066  2.859  3.5661  0.824    3  0.000  0.439    30.29    19.52    13.18    10.27     8.35  3 -3.04e-09      0.00 6.963e-01 2.906e-01 1.881e-03 1.089e-03 5.717e-03 -1.000 1.309e-02 -2.377 2.775 0.833 -0.770 -1.795 -2.821 -4.061 -4.910 -5.133
0.013 -0.05655 9.90309 1.0867791176 2.4894262788    1.064  2.903  3.5618  0.761    3  0.000  0.439    34.49    21.85    14.68    11.46     9.32  2 -3.64e-09      0.00 6.963e-01 2.906e-01 1.881e-03 1.089e-03 5.717e-03 -1.000 1.309e-02 -2.488 2.777 0.836 -0.769 -1.825 -2.911 -4.186 -5.044 -5.273
0.013 -0.05655 9.90309 1.0867986679 2.4894296583    1.062  2.947  3.5575  0.698    3  0.000  0.439    39.25    24.45    16.34    12.78    10.40  2 -4.34e-09      0.00 6.963e-01 2.906e-01 1.881e-03 1.089e-03 5.717e-03 -1.000 1.309e-02 -2.598 2.778 0.852 -0.750 -1.842 -2.996 -4.309 -5.176 -5.412
0.013 -0.05655 9.90309 1.0868167877 2.4894327903    1.060  2.991  3.5530  0.637    3  0.000  0.439    44.61    27.33    18.17    14.23    11.58  2 -5.18e-09      0.00 6.963e-01 2.906e-01 1.881e-03 1.089e-03 5.717e-03 -1.000 1.309e-02 -2.707 2.780 0.879 -0.716 -1.849 -3.075 -4.430 -5.306 -5.550
0.013 -0.05655 9.90309 1.0868333578 2.4894356544    1.057  3.033  3.5485  0.576    3  0.000  0.439    50.59    30.49    20.18    15.83    12.88  2 -6.15e-09      0.00 6.963e-01 2.906e-01 1.881e-03 1.089e-03 5.717e-03 -1.000 1.309e-02 -2.811 2.783 0.918 -0.666 -1.844 -3.146 -4.548 -5.432 -5.684
0.013 -0.05655 9.90309 1.0868484974 2.4894382712    1.054  3.074  3.5441  0.516    3  0.000  0.439    57.30    33.98    22.37    17.58    14.31  2 -7.29e-09      0.00 6.963e-01 2.906e-01 1.881e-03 1.089e-03 5.717e-03 -1.000 1.309e-02 -2.914 2.786 0.973 -0.594 -1.825 -3.206 -4.665 -5.557 -5.816
0.013 -0.05655 9.90309 1.0868629217 2.4894407642    1.051  3.115  3.5395  0.455    3  0.000  0.439    64.92    37.87    24.81    19.53    15.90  2 -8.64e-09      0.00 6.963e-01 2.906e-01 1.881e-03 1.089e-03 5.717e-03 -1.000 1.309e-02 -3.017 2.790 1.038 -0.512 -1.800 -3.265 -4.782 -5.681 -5.949
0.013 -0.05655 9.90309 1.0868760347 2.4894430306    1.048  3.155  3.5350  0.396    3  0.000  0.439    73.44    42.14    27.47    21.66    17.65  2 -1.02e-08      0.00 6.963e-01 2.906e-01 1.881e-03 1.089e-03 5.717e-03 -1.000 1.309e-02 -3.117 2.794 1.128 -0.398 -1.756 -3.306 -4.898 -5.803 -6.079
0.013 -0.05655 9.90309 1.0868884325 2.4894451732    1.044  3.195  3.5304  0.336    3  0.000  0.439    83.11    46.92    30.44    24.04    19.59  1 -1.21e-08      0.00 6.963e-01 2.906e-01 1.881e-03 1.089e-03 5.717e-03 -1.000 1.309e-02 -3.216 2.799 1.219 -0.281 -1.710 -3.345 -5.014 -5.925 -6.209
0.013 -0.05655 9.90309 1.0868998766 2.4894471510    1.040  3.233  3.5257  0.277    3  0.000  0.439    93.90    52.15    33.67    26.64    21.71  1 -1.42e-08      0.00 6.963e-01 2.906e-01 1.881e-03 1.089e-03 5.717e-03 -1.000 1.309e-02 -3.313 2.805 1.345 -0.123 -1.640 -3.354 -5.127 -6.042 -6.336
0.013 -0.05655 9.90309 1.0869106054 2.4894490052    1.036  3.271  3.5210  0.218    3  0.000  0.439   105.93    57.89    37.20    29.48    24.03  1 -1.67e-08      0.00 6.963e-01 2.906e-01 1.881e-03 1.089e-03 5.717e-03 -1.000 1.309e-02 -3.408 2.814 1.480 0.046 -1.564 -3.356 -5.238 -6.157 -6.461
0.013 -0.05655 9.90309 1.0869207382 2.4894507562    1.031  3.309  3.5163  0.160    3  0.000  0.439   119.54    64.27    41.09    32.62    26.60  0 -1.97e-08      0.00 6.963e-01 2.906e-01 1.881e-03 1.089e-03 5.717e-03 -1.000 1.309e-02 -3.502 2.823 1.643 0.257 -1.461 -3.327 -5.347 -6.272 -6.585
0.013 -0.05655 9.90309 1.0869301558 2.4894523837    1.026  3.345  3.5117  0.103    3  0.000  0.439   134.53    71.17    45.29    36.02    29.37  0 -2.31e-08      0.00 6.963e-01 2.906e-01 1.881e-03 1.089e-03 5.717e-03 -1.000 1.309e-02 -3.592 2.833 1.815 0.482 -1.349 -3.286 -5.453 -6.382 -6.706
0.013 -0.05655 9.90309 1.0869392157 2.4894539493    1.020  3.381  3.5070  0.046    3  0.000  0.439   151.28    78.75    49.89    39.74    32.41  0  -2.7e-08      0.00 6.963e-01 2.906e-01 1.881e-03 1.089e-03 5.717e-03 -1.000 1.309e-02 -3.682 2.837 1.966 0.679 -1.252 -3.248 -5.558 -6.491 -6.823
0.013 -0.05655 9.90309 1.0869443417 2.4894548351    1.016  3.399  3.5048  0.017    3  0.000  0.439   160.49    82.86    52.36    41.75    34.06  0 -2.94e-08      0.00 6.963e-01 2.906e-01 1.881e-03 1.089e-03 5.717e-03 -1.000 1.309e-02 -3.727 2.838 2.037 0.772 -1.208 -3.229 -5.610 -6.546 -6.882
0.013 -0.05655 9.90309 1.0869443417 2.4894548351    1.016  1.701  3.6718  2.383    4  0.000  0.458     0.00     0.00     0.00     0.00     0.00 -1    -1e-30      0.00 6.984e-01 2.886e-01 1.958e-03 9.878e-04 5.701e-03 -1.000 1.303e-02 0.517 2.894 1.966 0.915 0.303 -0.191 -0.920 -1.503 -1.584
0.013 -0.05655 9.90309 1.0870571136 2.4894743202    1.016  1.710  3.6712  2.372    4  0.000  0.458     0.00     0.00     0.00     0.00     0.00 -1    -1e-30      0.00 6.984e-01 2.886e-01 1.958e-03 9.880e-04 5.701e-03 -1.000 1.303e-02 0.495 2.889 1.952 0.897 0.282 -0.213 -0.944 -1.529 -1.610
0.013 -0.05655 9.90309 1.0871707201 2.4894939448    1.016  1.714  3.6710  2.367    4  0.000  0.458     0.00     0.00     0.00     0.00     0.00 -1    -1e-30      0.00 6.984e-01 2.886e-01 1.958e-03 9.882e-04 5.701e-03 -1.000 1.303e-02 0.485 2.884 1.944 0.888 0.273 -0.222 -0.954 -1.540 -1.622
0.013 -0.05655 9.90309 1.0872845650 2.4895136058    1.016  1.714  3.6712  2.368    4  0.000  0.458     0.00     0.00     0.00     0.00     0.00 -1    -1e-30      0.00 6.983e-01 2.886e-01 1.958e-03 9.884e-04 5.701e-03 -1.000 1.303e-02 0.485 2.880 1.942 0.887 0.272 -0.223 -0.954 -1.539 -1.620
0.013 -0.05655 9.90309 1.0874040127 2.4895342293    1.016  1.712  3.6716  2.371    4  0.000  0.458     0.00     0.00     0.00     0.00     0.00 -1    -1e-30      0.00 6.983e-01 2.886e-01 1.958e-03 9.886e-04 5.701e-03 -1.000 1.303e-02 0.489 2.875 1.942 0.889 0.276 -0.218 -0.948 -1.532 -1.613
0.013 -0.05655 9.90309 1.0875204802 2.4895543333    1.017  1.710  3.6721  2.376    4  0.000  0.458     0.00     0.00     0.00     0.00     0.00 -1    -1e-30      0.00 6.983e-01 2.886e-01 1.958e-03 9.888e-04 5.701e-03 -1.000 1.303e-02 0.495 2.869 1.943 0.892 0.281 -0.213 -0.940 -1.523 -1.604
0.013 -0.05655 9.90309 1.0876355171 2.4895741855    1.017  1.707  3.6726  2.380    4  0.000  0.458     0.00     0.00     0.00     0.00     0.00 -1    -1e-30      0.00 6.983e-01 2.886e-01 1.958e-03 9.889e-04 5.701e-03 -1.000 1.303e-02 0.502 2.863 1.943 0.895 0.286 -0.207 -0.933 -1.514 -1.594
0.013 -0.05655 9.90309 1.0877515078 2.4895941973    1.017  1.705  3.6731  2.385    4  0.000  0.458     0.00     0.00     0.00     0.00     0.00 -1    -1e-30      0.00 6.983e-01 2.886e-01 1.958e-03 9.891e-04 5.701e-03 -1.000 1.303e-02 0.508 2.858 1.944 0.899 0.291 -0.201 -0.925 -1.504 -1.584
0.013 -0.05655 9.90309 1.0878683329 2.4896143482    1.017  1.702  3.6735  2.389    4  0.000  0.458     0.00     0.00     0.00     0.00     0.00 -1    -1e-30      0.00 6.983e-01 2.887e-01 1.957e-03 9.893e-04 5.701e-03 -1.000 1.303e-02 0.514 2.853 1.945 0.902 0.295 -0.195 -0.917 -1.496 -1.575
0.013 -0.05655 9.90309 1.0879843235 2.4896343502    1.017  1.700  3.6740  2.393    4  0.000  0.458     0.00     0.00     0.00     0.00     0.00 -1    -1e-30      0.00 6.983e-01 2.887e-01 1.957e-03 9.895e-04 5.701e-03 -1.000 1.303e-02 0.519 2.848 1.945 0.905 0.300 -0.190 -0.911 -1.488 -1.567
0.013 -0.05655 9.90309 1.0880962610 2.4896536487    1.017  1.699  3.6743  2.396    4  0.000  0.458     0.00     0.00     0.00     0.00     0.00 -1    -1e-30      0.00 6.983e-01 2.887e-01 1.957e-03 9.897e-04 5.701e-03 -1.000 1.303e-02 0.524 2.844 1.946 0.907 0.303 -0.186 -0.905 -1.481 -1.560
0.013 -0.05655 9.90309 1.0882102251 2.4896732918    1.017  1.697  3.6747  2.399    4  0.000  0.458     0.00     0.00     0.00     0.00     0.00 -1    -1e-30      0.00 6.983e-01 2.887e-01 1.957e-03 9.899e-04 5.701e-03 -1.000 1.303e-02 0.527 2.840 1.945 0.909 0.306 -0.182 -0.900 -1.475 -1.554
0.013 -0.05655 9.90309 1.0883288383 2.4896937312    1.018  1.696  3.6750  2.402    4  0.000  0.458     0.00     0.00     0.00     0.00     0.00 -1    -1e-30      0.00 6.983e-01 2.887e-01 1.957e-03 9.901e-04 5.701e-03 -1.000 1.303e-02 0.531 2.835 1.945 0.910 0.308 -0.179 -0.896 -1.469 -1.548
0.013 -0.05655 9.90309 1.0884519815 2.4897149459    1.018  1.694  3.6753  2.405    4  0.000  0.458     0.00     0.00     0.00     0.00     0.00 -1    -1e-30      0.00 6.983e-01 2.887e-01 1.957e-03 9.903e-04 5.701e-03 -1.000 1.303e-02 0.534 2.831 1.945 0.911 0.310 -0.176 -0.892 -1.464 -1.543
0.013 -0.05655 9.90309 1.0885404348 2.4897301808    1.018  1.694  3.6755  2.406    4  0.000  0.458     0.00     0.00     0.00     0.00     0.00 -1    -1e-30      0.00 6.983e-01 2.887e-01 1.957e-03 9.904e-04 5.702e-03 -1.000 1.303e-02 0.536 2.827 1.944 0.912 0.312 -0.174 -0.889 -1.461 -1.540
0.013 -0.05655 9.90309 1.0885677338 2.4897348822    1.018  1.693  3.6756  2.407    4  0.000  0.458     0.00     0.00     0.00     0.00     0.00 -1    -1e-30      0.00 6.983e-01 2.887e-01 1.957e-03 9.905e-04 5.702e-03 -1.000 1.303e-02 0.536 2.827 1.944 0.912 0.312 -0.174 -0.888 -1.460 -1.539
0.013 -0.05655 9.90309 1.0886847973 2.4897550393    1.018  1.693  3.6758  2.408    4  0.000  0.457     0.00     0.00     0.00     0.00     0.00 -1    -1e-30      0.00 6.983e-01 2.887e-01 1.956e-03 9.906e-04 5.702e-03 -1.000 1.303e-02 0.538 2.823 1.943 0.912 0.313 -0.172 -0.886 -1.457 -1.536
0.013 -0.05655 9.90309 1.0887966156 2.4897742887    1.018  1.692  3.6760  2.410    4  0.000  0.457     0.00     0.00     0.00     0.00     0.00 -1    -1e-30      0.00 6.983e-01 2.887e-01 1.956e-03 9.908e-04 5.702e-03 -1.000 1.303e-02 0.539 2.820 1.942 0.912 0.314 -0.171 -0.884 -1.455 -1.533
0.013 -0.05655 9.90309 1.0889080763 2.4897934720    1.018  1.692  3.6762  2.410    4  0.000  0.457     0.00     0.00     0.00     0.00     0.00 -1    -1e-30      0.00 6.983e-01 2.887e-01 1.956e-03 9.910e-04 5.702e-03 -1.000 1.303e-02 0.540 2.816 1.941 0.912 0.314 -0.171 -0.883 -1.453 -1.532
0.013 -0.05655 9.90309 1.0890251398 2.4898136147    1.018  1.692  3.6763  2.411    4  0.000  0.457     0.00     0.00     0.00     0.00     0.00 -1    -1e-30      0.00 6.983e-01 2.887e-01 1.956e-03 9.912e-04 5.702e-03 -1.000 1.303e-02 0.539 2.814 1.939 0.911 0.313 -0.171 -0.883 -1.453 -1.531
0.013 -0.05655 9.90309 1.0891361237 2.4898327067    1.019  1.693  3.6764  2.411    4  0.000  0.457     0.00     0.00     0.00     0.00     0.00 -1    -1e-30      0.00 6.983e-01 2.887e-01 1.956e-03 9.914e-04 5.702e-03 -1.000 1.303e-02 0.539 2.811 1.938 0.909 0.312 -0.172 -0.884 -1.453 -1.532
0.013 -0.05655 9.90309 1.0892562866 2.4898533727    1.019  1.693  3.6764  2.410    4  0.000  0.457     0.00     0.00     0.00     0.00     0.00 -1    -1e-30      0.00 6.983e-01 2.887e-01 1.956e-03 9.916e-04 5.702e-03 -1.000 1.303e-02 0.536 2.809 1.935 0.907 0.310 -0.174 -0.886 -1.455 -1.533
0.013 -0.05655 9.90309 1.0893707275 2.4898730497    1.019  1.695  3.6764  2.409    4  0.000  0.457     0.00     0.00     0.00     0.00     0.00 -1    -1e-30      0.00 6.983e-01 2.887e-01 1.956e-03 9.918e-04 5.702e-03 -1.000 1.303e-02 0.533 2.806 1.933 0.904 0.307 -0.177 -0.889 -1.458 -1.537
0.013 -0.05655 9.90309 1.0893781185 2.4898743204    1.019  1.695  3.6764  2.409    4  0.000  0.457     0.00     0.00     0.00     0.00     0.00 -1    -1e-30      0.00 6.983e-01 2.887e-01 1.956e-03 9.918e-04 5.702e-03 -1.000 1.303e-02 0.533 2.806 1.933 0.904 0.307 -0.177 -0.889 -1.459 -1.537
0.013 -0.05655 9.90309 1.0894629955 2.4898889109    1.019  1.696  3.6763  2.407    4  0.000  0.457     0.00     0.00     0.00     0.00     0.00 -1    -1e-30      0.00 6.982e-01 2.887e-01 1.956e-03 9.919e-04 5.702e-03 -1.000 1.303e-02 0.530 2.805 1.930 0.901 0.304 -0.180 -0.892 -1.462 -1.540
0.013 -0.05655 9.90309 1.0895668268 2.4899067561    1.019  1.698  3.6762  2.405    4  0.000  0.457     0.00     0.00     0.00     0.00     0.00 -1    -1e-30      0.00 6.982e-01 2.887e-01 1.955e-03 9.921e-04 5.702e-03 -1.000 1.303e-02 0.525 2.803 1.927 0.897 0.300 -0.185 -0.898 -1.468 -1.546
0.013 -0.05655 9.90309 1.0896723270 2.4899248841    1.019  1.700  3.6760  2.402    4  0.000  0.457     0.00     0.00     0.00     0.00     0.00 -1    -1e-30      0.00 6.982e-01 2.887e-01 1.955e-03 9.923e-04 5.702e-03 -1.000 1.303e-02 0.520 2.802 1.923 0.893 0.294 -0.191 -0.904 -1.475 -1.553
0.013 -0.05655 9.90309 1.0897817612 2.4899436838    1.019  1.703  3.6758  2.398    4  0.000  0.457     0.00     0.00     0.00     0.00     0.00 -1    -1e-30      0.00 6.982e-01 2.887e-01 1.955e-03 9.924e-04 5.702e-03 -1.000 1.303e-02 0.512 2.801 1.919 0.886 0.287 -0.198 -0.912 -1.484 -1.562
0.013 -0.05655 9.90309 1.0898855925 2.4899615170    1.019  1.707  3.6755  2.394    4  0.000  0.457     0.00     0.00     0.00     0.00     0.00 -1    -1e-30      0.00 6.982e-01 2.887e-01 1.955e-03 9.926e-04 5.702e-03 -1.000 1.303e-02 0.503 2.800 1.914 0.880 0.279 -0.207 -0.922 -1.494 -1.573
0.013 -0.05655 9.90309 1.0899924040 2.4899798580    1.020  1.711  3.6751  2.388    4  0.000  0.457     0.00     0.00     0.00     0.00     0.00 -1    -1e-30      0.00 6.982e-01 2.887e-01 1.955e-03 9.928e-04 5.702e-03 -1.000 1.303e-02 0.493 2.799 1.908 0.871 0.270 -0.217 -0.934 -1.507 -1.586
0.013 -0.05655 9.90309 1.0900987387 2.4899981130    1.020  1.716  3.6746  2.381    4  0.000  0.457     0.00     0.00     0.00     0.00     0.00 -1    -1e-30      0.00 6.982e-01 2.888e-01 1.955e-03 9.930e-04 5.702e-03 -1.000 1.303e-02 0.481 2.798 1.901 0.862 0.259 -0.229 -0.947 -1.522 -1.601
0.013 -0.05655 9.90309 1.0902026892 2.4900159548    1.020  1.721  3.6741  2.374    4  0.000  0.457     0.00     0.00     0.00     0.00     0.00 -1    -1e-30      0.00 6.982e-01 2.888e-01 1.955e-03 9.931e-04 5.702e-03 -1.000 1.303e-02 0.467 2.797 1.893 0.851 0.247 -0.242 -0.963 -1.538 -1.618
0.013 -0.05655 9.90309 1.0903151035 2.4900352448    1.020  1.728  3.6735  2.365    4  0.000  0.457     0.00     0.00     0.00     0.00     0.00 -1    -1e-30      0.00 6.982e-01 2.888e-01 1.955e-03 9.933e-04 5.702e-03 -1.000 1.303e-02 0.450 2.796 1.883 0.838 0.231 -0.259 -0.982 -1.560 -1.639
0.013 -0.05655 9.90309 1.0904219151 2.4900535692    1.020  1.736  3.6727  2.353    4  0.000  0.457     0.00     0.00     0.00     0.00     0.00 -1    -1e-30      0.00 6.982e-01 2.888e-01 1.954e-03 9.935e-04 5.702e-03 -1.000 1.303e-02 0.429 2.795 1.872 0.822 0.212 -0.279 -1.005 -1.585 -1.665
0.013 -0.05655 9.90309 1.0904779434 2.4900631797    1.020  1.737  3.6727  2.352    4  0.000  0.457     0.00     0.00     0.00     0.00     0.00 -1    -1e-30      0.00 6.982e-01 2.888e-01 1.954e-03 9.936e-04 5.702e-03 -1.000 1.303e-02 0.427 2.794 1.870 0.820 0.211 -0.281 -1.007 -1.587 -1.667
0.013 -0.05655 9.90309 1.0905826092 2.4900811298    1.020  1.738  3.6726  2.351    4  0.000  0.457     0.00     0.00     0.00     0.00     0.00 -1    -1e-30      0.00 6.982e-01 2.888e-01 1.954e-03 9.937e-04 5.702e-03 -1.000 1.303e-02 0.424 2.794 1.869 0.818 0.208 -0.284 -1.011 -1.591 -1.671
0.013 -0.05655 9.90309 1.0906865597 2.4900989534    1.020  1.758  3.6706  2.323    4  0.000  0.457     0.00     0.00     0.00     0.00     0.00 -1    -1e-30      0.00 6.982e-01 2.888e-01 1.954e-03 9.939e-04 5.702e-03 -1.000 1.303e-02 0.374 2.791 1.840 0.778 0.162 -0.334 -1.067 -1.653 -1.735
0.013 -0.05655 9.90309 1.0907914639 2.4901169365    1.021  1.794  3.6673  2.274    4  0.000  0.457     0.00     0.00     0.00     0.00     0.00 -1    -1e-30      0.00 6.982e-01 2.888e-01 1.954e-03 9.941e-04 5.703e-03 -1.000 1.303e-02 0.285 2.790 1.792 0.711 0.083 -0.420 -1.167 -1.762 -1.846
0.013 -0.05655 9.90309 1.0908493996 2.4901268663    1.021  1.833  3.6637  2.221    4  0.000  0.457     0.00     0.00     0.00     0.00     0.00 -1    -1e-30      0.00 6.982e-01 2.888e-01 1.954e-03 9.942e-04 5.703e-03 -1.000 1.303e-02 0.188 2.789 1.741 0.638 -0.002 -0.514 -1.274 -1.881 -1.967
0.013 -0.05655 9.90309 1.0908812284 2.4901323211    1.021  1.876  3.6597  2.162    4  0.000  0.457     0.00     0.00     0.00     0.00     0.00 -1    -1e-30      0.00 6.982e-01 2.888e-01 1.954e-03 9.942e-04 5.703e-03 -1.000 1.303e-02 0.081 2.787 1.683 0.556 -0.097 -0.618 -1.393 -2.012 -2.099
0.013 -0.05655 9.90309 1.0908964872 2.4901349360    1.021  1.916  3.6561  2.107    4  0.000  0.457     0.00     0.00     0.00     0.00     0.00 -1    -1e-30      0.00 6.982e-01 2.888e-01 1.954e-03 9.942e-04 5.703e-03 -1.000 1.303e-02 -0.020 2.789 1.631 0.482 -0.185 -0.715 -1.505 -2.134 -2.224
0.013 -0.05655 9.90309 1.0909041166 2.4901362434    1.021  1.954  3.6526  2.055    4  0.000  0.457     0.00     0.00     0.00     0.00     0.00 -1    -1e-30      0.00 6.982e-01 2.888e-01 1.954e-03 9.943e-04 5.703e-03 -1.000 1.303e-02 -0.116 2.792 1.582 0.411 -0.269 -0.807 -1.610 -2.251 -2.343
0.013 -0.05655 9.90309 1.0909084082 2.4901369788    1.021  1.992  3.6492  2.004    4  0.000  0.457     0.00     0.00     0.00     0.00     0.00 -1    -1e-30      0.00 6.982e-01 2.888e-01 1.954e-03 9.943e-04 5.703e-03 -1.000 1.303e-02 -0.209 2.794 1.534 0.343 -0.350 -0.896 -1.713 -2.364 -2.459
0.013 -0.05655 9.90309 1.0909110308 2.4901374282    1.021  2.028  3.6460  1.955    4  0.000  0.457     0.00     0.00     0.00     0.00     0.00 -1    -1e-30      0.00 6.982e-01 2.888e-01 1.954e-03 9.943e-04 5.703e-03 -1.000 1.303e-02 -0.300 2.782 1.491 0.276 -0.427 -0.981 -1.811 -2.468 -2.567
0.013 -0.05655 9.90309 1.0909128189 2.4901377347    1.021  2.060  3.6432  1.912    7  0.000  0.457     0.00     0.00     0.00     0.00     0.00 -1 -7.28e-28      0.00 6.982e-01 2.886e-01 1.954e-03 9.943e-04 5.703e-03 -1.000 1.321e-02 -0.380 2.767 1.452 0.216 -0.495 -1.056 -1.898 -2.560 -2.663
0.013 -0.05655 9.90309 1.0909137726 2.4901378981    1.021  2.082  3.6414  1.883    7  0.000  0.457     0.00     0.00     0.00     0.00     0.00 -1 -7.38e-28      0.00 6.982e-01 2.886e-01 1.954e-03 9.943e-04 5.703e-03 -1.000 1.321e-02 -0.434 2.754 1.425 0.175 -0.541 -1.106 -1.956 -2.622 -2.727
0.013 -0.05655 9.90309 1.0909157991 2.4901382454    1.021  2.123  3.6378  1.827    7  0.000  0.457     0.00     0.00     0.00     0.00     0.00 -1 -7.53e-28      0.00 6.982e-01 2.886e-01 1.954e-03 9.943e-04 5.703e-03 -1.000 1.321e-02 -0.539 2.730 1.373 0.097 -0.629 -1.203 -2.068 -2.740 -2.851
0.013 -0.05655 9.90309 1.0909178257 2.4901385926    1.021  2.149  3.6356  1.792    7  0.000  0.457     0.00     0.00     0.00     0.00     0.00 -1 -7.55e-28      0.00 6.982e-01 2.886e-01 1.954e-03 9.943e-04 5.703e-03 -1.000 1.321e-02 -0.603 2.713 1.341 0.050 -0.682 -1.263 -2.137 -2.813 -2.927
0.013 -0.05655 9.90309 1.0909230709 2.4901394914    1.021  2.150  3.6356  1.792    7  0.000  0.457     0.00     0.00     0.00     0.00     0.00 -1 -7.52e-28      0.00 6.982e-01 2.886e-01 1.954e-03 9.943e-04 5.703e-03 -1.000 1.321e-02 -0.604 2.712 1.340 0.049 -0.684 -1.264 -2.138 -2.814 -2.928
0.013 -0.05655 9.90309 1.0909291506 2.4901405332    1.021  2.126  3.6377  1.824    7  0.000  0.457     0.00     0.00     0.00     0.00     0.00 -1 -1.73e-27      0.00 6.982e-01 2.886e-01 1.954e-03 9.943e-04 5.703e-03 -1.000 1.323e-02 -0.544 2.726 1.369 0.092 -0.634 -1.209 -2.074 -2.746 -2.857
0.013 -0.05655 9.90309 1.0909836292 2.4901498679    1.020  2.117  3.6384  1.835    7  0.000  0.457     0.00     0.00     0.00     0.00     0.00 -1 -5.23e-18      0.00 6.982e-01 2.880e-01 1.954e-03 9.944e-04 5.703e-03 -1.000 1.378e-02 -0.523 2.732 1.380 0.108 -0.617 -1.190 -2.052 -2.723 -2.833
0.013 -0.05655 9.90309 1.0910426378 2.4901599776    1.019  2.144  3.6360  1.798    7  0.000  0.457     0.00     0.00     0.00     0.00     0.00 -1 -6.81e-10      0.00 6.982e-01 2.876e-01 1.954e-03 9.945e-04 5.703e-03 -1.000 1.424e-02 -0.590 2.717 1.348 0.060 -0.671 -1.251 -2.123 -2.798 -2.912
0.013 -0.05655 9.90309 1.0910799503 2.4901663695    1.019  2.178  3.6330  1.753    7  0.000  0.457     0.00     0.00     0.00     0.00     0.00 -1 -8.12e-10      0.00 6.982e-01 2.876e-01 1.954e-03 9.945e-04 5.703e-03 -1.000 1.424e-02 -0.674 2.697 1.307 -0.002 -0.741 -1.328 -2.213 -2.893 -3.012
0.013 -0.05655 9.90309 1.0911165476 2.4901726384    1.018  2.215  3.6298  1.702    7  0.000  0.457     0.00     0.00     0.00     0.00     0.00 -1 -9.88e-10      0.00 6.982e-01 2.876e-01 1.954e-03 9.946e-04 5.703e-03 -1.000 1.424e-02 -0.768 2.671 1.259 -0.071 -0.818 -1.414 -2.313 -2.999 -3.124
0.013 -0.05655 9.90309 1.0911515951 2.4901786414    1.017  2.257  3.6262  1.645    7  0.000  0.457     0.00     0.00     0.00     0.00     0.00 -1 -1.23e-09      0.00 6.982e-01 2.876e-01 1.954e-03 9.947e-04 5.703e-03 -1.000 1.424e-02 -0.872 2.639 1.207 -0.145 -0.901 -1.508 -2.423 -3.116 -3.246
0.013 -0.05655 9.90309 1.0911821127 2.4901838681    1.016  2.297  3.6227  1.591    7  0.000  0.457     0.00     0.00     0.00     0.00     0.00 -1  -1.5e-09      0.00 6.982e-01 2.876e-01 1.954e-03 9.947e-04 5.703e-03 -1.000 1.424e-02 -0.972 2.606 1.156 -0.218 -0.982 -1.598 -2.529 -3.228 -3.365
0.013 -0.05655 9.90309 1.0912094116 2.4901885433    1.015  2.338  3.6192  1.536    7  0.000  0.457     0.00     0.00     0.00     0.00     0.00 -1 -1.86e-09      0.00 6.982e-01 2.876e-01 1.954e-03 9.948e-04 5.703e-03 -1.000 1.424e-02 -1.074 2.572 1.103 -0.291 -1.063 -1.690 -2.637 -3.342 -3.486
0.013 -0.05655 9.90309 1.0912337303 2.4901927078    1.014  2.378  3.6157  1.480    7  0.000  0.457     0.00     0.00     0.00     0.00     0.00 -1 -2.28e-09      0.00 6.982e-01 2.876e-01 1.954e-03 9.948e-04 5.703e-03 -1.000 1.424e-02 -1.176 2.553 1.055 -0.359 -1.142 -1.781 -2.745 -3.458 -3.609
0.013 -0.05655 9.90309 1.0912553072 2.4901964027    1.012  2.419  3.6121  1.425    7  0.000  0.457     0.00     0.00     0.00     0.00     0.00 -1  -2.8e-09      0.00 6.982e-01 2.876e-01 1.954e-03 9.948e-04 5.703e-03 -1.000 1.424e-02 -1.278 2.566 1.013 -0.423 -1.220 -1.875 -2.855 -3.579 -3.734
0.013 -0.05655 9.90309 1.0912746191 2.4901997096    1.011  2.460  3.6086  1.369    7  0.000  0.457     0.00     0.00     0.00     0.00     0.00 -1 -3.44e-09      0.00 6.982e-01 2.876e-01 1.954e-03 9.949e-04 5.703e-03 -1.000 1.424e-02 -1.380 2.579 0.972 -0.486 -1.297 -1.968 -2.965 -3.699 -3.859
0.013 -0.05655 9.90309 1.0912920237 2.4902026897    1.009  2.501  3.6050  1.313    7  0.000  0.457    10.75     7.94     5.58     4.30     3.49  4 -4.22e-09      0.00 6.982e-01 2.876e-01 1.954e-03 9.949e-04 5.703e-03 -1.000 1.424e-02 -1.482 2.591 0.933 -0.545 -1.372 -2.060 -3.075 -3.819 -3.984
0.013 -0.05655 9.90309 1.0913082361 2.4902054656    1.007  2.542  3.6011  1.256    7  0.000  0.457    12.11     8.81     6.16     4.75     3.85  3 -5.17e-09      0.00 6.982e-01 2.876e-01 1.953e-03 9.951e-04 5.703e-03 -1.000 1.423e-02 -1.584 2.614 0.901 -0.600 -1.444 -2.151 -3.185 -3.941 -4.112
0.013 -0.05655 9.90309 1.0913234949 2.4902080782    1.005  2.583  3.5962  1.194    7  0.000  0.456    13.76     9.84     6.84     5.29     4.29  3 -6.36e-09      0.00 6.982e-01 2.876e-01 1.952e-03 9.958e-04 5.703e-03 -1.000 1.419e-02 -1.687 2.653 0.885 -0.637 -1.503 -2.240 -3.299 -4.068 -4.246
0.013 -0.05655 9.90309 1.0913378000 2.4902105274    1.002  2.623  3.5895  1.126    7  0.000  0.456    15.85    11.12     7.69     5.96     4.84  3 -7.75e-09      0.00 6.982e-01 2.877e-01 1.949e-03 9.980e-04 5.703e-03 -1.000 1.418e-02 -1.788 2.734 0.904 -0.645 -1.540 -2.321 -3.414 -4.204 -4.391
0.013 -0.05655 9.90309 1.0913517475 2.4902129152    0.999  2.665  3.5853  1.066    7  0.000  0.455    17.94    12.39     8.52     6.61     5.37  3  -9.5e-09      0.00 6.982e-01 2.877e-01 1.945e-03 1.002e-03 5.703e-03 -1.000 1.418e-02 -1.892 2.750 0.884 -0.681 -1.596 -2.411 -3.527 -4.329 -4.522
0.013 -0.05655 9.90309 1.0913649797 2.4902151806    0.995  2.706  3.5813  1.007    7  0.000  0.453    20.29    13.78     9.44     7.33     5.95  3 -1.17e-08      0.00 6.982e-01 2.877e-01 1.938e-03 1.009e-03 5.703e-03 -1.000 1.418e-02 -1.996 2.764 0.862 -0.719 -1.654 -2.502 -3.641 -4.453 -4.653
0.013 -0.05655 9.90309 1.0913772583 2.4902172826    0.991  2.748  3.5771  0.947    7  0.000  0.451    22.95    15.33    10.45     8.13     6.61  3 -1.43e-08      0.00 6.982e-01 2.877e-01 1.932e-03 1.017e-03 5.703e-03 -1.000 1.418e-02 -2.099 2.780 0.852 -0.740 -1.698 -2.590 -3.754 -4.577 -4.783
0.013 -0.05655 9.90309 1.0913890600 2.4902193030    0.987  2.791  3.5726  0.884    7  0.000  0.450    26.14    17.16    11.63     9.07     7.37  3 -1.77e-08      0.00 6.982e-01 2.877e-01 1.926e-03 1.025e-03 5.703e-03 -1.000 1.418e-02 -2.207 2.796 0.848 -0.755 -1.739 -2.680 -3.874 -4.707 -4.921
0.013 -0.05655 9.90309 1.0913980007 2.4902208335    0.982  2.834  3.5681  0.821    7  0.000  0.449    29.78    19.21    12.95    10.12     8.23  2 -2.18e-08      0.00 6.982e-01 2.877e-01 1.920e-03 1.031e-03 5.703e-03 -1.000 1.418e-02 -2.314 2.811 0.852 -0.758 -1.771 -2.768 -3.994 -4.837 -5.058
0.013 -0.05655 9.90309 1.0914039612 2.4902218539    0.979  2.873  3.5638  0.762    7  0.000  0.448    33.62    21.33    14.32    11.20     9.11  2 -2.64e-08      0.00 6.982e-01 2.877e-01 1.916e-03 1.036e-03 5.703e-03 -1.000 1.418e-02 -2.413 2.822 0.866 -0.745 -1.788 -2.846 -4.105 -4.958 -5.186
0.013 -0.05655 9.90309 1.0914087296 2.4902226701    0.975  2.914  3.5592  0.701    7  0.000  0.447    38.17    23.81    15.90    12.46    10.13  2 -3.19e-08      0.00 6.982e-01 2.877e-01 1.912e-03 1.041e-03 5.703e-03 -1.000 1.418e-02 -2.516 2.836 0.888 -0.722 -1.799 -2.925 -4.221 -5.084 -5.319
0.013 -0.05655 9.90309 1.0914131403 2.4902234252    0.971  2.957  3.5542  0.637    7  0.000  0.446    43.57    26.69    17.73    13.93    11.33  2 -3.88e-08      0.00 6.982e-01 2.877e-01 1.909e-03 1.045e-03 5.703e-03 -1.000 1.418e-02 -2.622 2.848 0.931 -0.669 -1.792 -2.998 -4.342 -5.215 -5.457
0.013 -0.05655 9.90309 1.0914171934 2.4902241190    0.967  2.999  3.5492  0.573    7  0.000  0.445    49.79    29.95    19.79    15.57    12.67  2 -4.75e-08      0.00 6.982e-01 2.877e-01 1.906e-03 1.049e-03 5.703e-03 -1.000 1.418e-02 -2.727 2.861 0.982 -0.607 -1.778 -3.068 -4.462 -5.345 -5.596
0.013 -0.05655 9.90309 1.0914206505 2.4902247108    0.962  3.037  3.5445  0.514    7  0.000  0.445    56.29    33.29    21.89    17.25    14.04  2 -5.69e-08      0.00 6.982e-01 2.877e-01 1.904e-03 1.051e-03 5.703e-03 -1.000 1.418e-02 -2.823 2.873 1.052 -0.518 -1.744 -3.119 -4.572 -5.463 -5.722
0.013 -0.05655 9.90309 1.0914244652 2.4902253637    0.955  3.081  3.5389  0.445    7  0.000  0.445    64.89    37.62    24.60    19.43    15.81  2 -6.96e-08      0.00 6.982e-01 2.877e-01 1.903e-03 1.052e-03 5.703e-03 -1.000 1.418e-02 -2.932 2.891 1.150 -0.397 -1.695 -3.172 -4.699 -5.599 -5.868
0.013 -0.05655 9.90309 1.0914283991 2.4902260371    0.948  3.121  3.5335  0.380    7  0.000  0.445    74.28    42.26    27.48    21.75    17.70  1  -8.5e-08      0.00 6.982e-01 2.877e-01 1.903e-03 1.053e-03 5.703e-03 -1.000 1.418e-02 -3.032 2.911 1.273 -0.243 -1.623 -3.201 -4.818 -5.725 -6.004
0.013 -0.05655 9.90309 1.0914325714 2.4902267513    0.937  3.160  3.5277  0.313    7  0.000  0.445    85.33    47.58    30.77    24.41    19.87  1 -1.03e-07      0.00 6.982e-01 2.877e-01 1.903e-03 1.053e-03 5.703e-03 -1.000 1.418e-02 -3.130 2.935 1.425 -0.055 -1.532 -3.210 -4.937 -5.850 -6.140
0.013 -0.05655 9.90309 1.0914366245 2.4902274451    0.925  3.195  3.5225  0.251    7  0.000  0.445    96.85    53.02    34.11    27.11    22.08  1 -1.24e-07      0.00 6.982e-01 2.877e-01 1.903e-03 1.053e-03 5.703e-03 -1.000 1.418e-02 -3.218 2.960 1.590 0.149 -1.430 -3.195 -5.043 -5.961 -6.261
0.013 -0.05655 9.90309 1.0914375782 2.4902276084    0.922  3.206  3.5210  0.233    7  0.000  0.445   100.58    54.75    35.17    27.97    22.78  1 -1.31e-07      0.00 6.982e-01 2.877e-01 1.903e-03 1.053e-03 5.703e-03 -1.000 1.418e-02 -3.245 2.967 1.640 0.210 -1.399 -3.191 -5.074 -5.995 -6.298
0.013 -0.05655 9.90309 1.0914381742 2.4902277104    0.920  3.205  3.5209  0.232    7  0.000  0.445   100.63    54.77    35.18    27.98    22.79  1 -1.32e-07      0.00 6.982e-01 2.877e-01 1.903e-03 1.053e-03 5.703e-03 -1.000 1.418e-02 -3.243 2.970 1.644 0.214 -1.396 -3.189 -5.073 -5.994 -6.297
0.013 -0.05655 9.90309 1.0914382935 2.4902277308    0.919  3.205  3.5210  0.233    7  0.000  0.445   100.47    54.69    35.13    27.94    22.75  1 -1.32e-07      0.00 6.982e-01 2.877e-01 1.903e-03 1.053e-03 5.703e-03 -1.000 1.417e-02 -3.241 2.970 1.643 0.213 -1.396 -3.188 -5.071 -5.992 -6.295
0.013 -0.05655 9.90309 1.0914384127 2.4902277512    0.919  3.202  3.5214  0.237    7  0.000  0.445    99.55    54.25    34.87    27.73    22.58  1  -1.3e-07      0.00 6.982e-01 2.877e-01 1.903e-03 1.053e-03 5.703e-03 -1.000 1.417e-02 -3.234 2.970 1.632 0.199 -1.403 -3.188 -5.062 -5.982 -6.285
0.013 -0.05655 9.90309 1.0914387703 2.4902278124    0.918  3.199  3.5217  0.240    7  0.000  0.445    98.86    53.92    34.66    27.56    22.44  1 -1.29e-07      0.00 6.982e-01 2.877e-01 1.903e-03 1.053e-03 5.703e-03 -1.000 1.417e-02 -3.228 2.970 1.623 0.188 -1.408 -3.188 -5.055 -5.975 -6.276
0.013 -0.05655 9.90309 1.0914390087 2.4902278532    0.917  3.197  3.5220  0.244    7  0.000  0.445    98.15    53.58    34.45    27.40    22.31  1 -1.29e-07      0.00 6.982e-01 2.877e-01 1.903e-03 1.053e-03 5.703e-03 -1.000 1.417e-02 -3.221 2.969 1.614 0.177 -1.413 -3.188 -5.047 -5.967 -6.268
0.013 -0.05655 9.90309 1.0914392471 2.4902278940    0.916  3.196  3.5220  0.244    7  0.000  0.445    98.15    53.58    34.45    27.39    22.31  1 -1.29e-07      0.00 6.982e-01 2.877e-01 1.903e-03 1.053e-03 5.703e-03 -1.000 1.417e-02 -3.221 2.970 1.615 0.177 -1.412 -3.187 -5.047 -5.966 -6.267
0.013 -0.05655 9.90309 1.0914394855 2.4902279348    0.916  3.183  3.5236  0.263    7  0.000  0.445    94.28    51.75    33.32    26.48    21.57  1 -1.22e-07      0.00 6.982e-01 2.877e-01 1.903e-03 1.053e-03 5.703e-03 -1.000 1.417e-02 -3.189 2.966 1.566 0.116 -1.441 -3.188 -5.009 -5.927 -6.224
0.013 -0.05655 9.90309 1.0914397240 2.4902279757    0.915  3.171  3.5253  0.282    7  0.000  0.445    90.61    50.01    32.25    25.62    20.86  1 -1.16e-07      0.00 6.982e-01 2.877e-01 1.903e-03 1.053e-03 5.703e-03 -1.000 1.417e-02 -3.157 2.963 1.518 0.056 -1.469 -3.188 -4.972 -5.888 -6.182
0.013 -0.05655 9.90309 1.0914400816 2.4902280369    0.914  3.230  3.5173  0.190    7  0.000  0.445   109.87    59.03    37.79    30.09    24.51  0 -1.48e-07      0.00 6.982e-01 2.877e-01 1.903e-03 1.053e-03 5.703e-03 -1.000 1.417e-02 -3.305 2.986 1.780 0.388 -1.306 -3.156 -5.146 -6.071 -6.382
0.013 -0.05655 9.90309 1.0914405584 2.4902281185    0.911  3.294  3.5081  0.088    7  0.000  0.445   135.94    70.89    45.00    35.94    29.28  0 -1.95e-07      0.00 6.982e-01 2.877e-01 1.903e-03 1.053e-03 5.703e-03 -1.000 1.417e-02 -3.465 3.013 2.116 0.825 -1.081 -3.062 -5.336 -6.270 -6.599
0.013 -0.05655 9.90309 1.0914411545 2.4902282205    0.908  3.342  3.5009  0.009    7  0.000  0.445   159.58    81.67    51.51    41.23    33.61  0  -2.4e-07      0.00 6.982e-01 2.877e-01 1.903e-03 1.053e-03 5.703e-03 -1.000 1.417e-02 -3.586 3.032 2.366 1.147 -0.910 -2.974 -5.480 -6.421 -6.764
0.013 -0.05655 9.90309 1.0914418697 2.4902283429    0.902  3.391  3.4932 -0.073    7  0.524  0.445   180.51    94.54    59.23    47.52    38.75  0 -2.95e-07      0.00 6.982e-01 2.877e-01 1.903e-03 1.053e-03 5.703e-03 -1.000 1.417e-02 -3.707 3.054 2.614 1.452 -0.745 -2.871 -5.625 -6.572 -6.930
0.013 -0.05655 9.90309 1.0914425850 2.4902284654    0.896  3.416  3.4889 -0.118    8  0.523  0.466   193.11   102.49    63.97    51.40    41.91  0 -3.33e-07      0.00 6.982e-01 2.888e-01 1.997e-03 1.054e-03 5.716e-03 -1.000 1.300e-02 -3.771 3.068 2.742 1.597 -0.664 -2.817 -5.702 -6.653 -7.019
0.013 -0.05655 9.90309 1.0914425850 2.4902284654    0.896  3.149  3.5258  0.296    8  0.523  0.466    87.48    48.42    31.26    24.84    20.22  1 -1.12e-07      0.00 6.982e-01 2.888e-01 1.997e-03 1.054e-03 5.716e-03 -1.000 1.300e-02 -3.102 3.000 1.546 0.083 -1.431 -3.142 -4.915 -5.831 -6.124
0.013 -0.05655 9.90309 1.0914427042 2.4902284858    0.895  3.024  3.5430  0.490    8  0.523  0.466    58.25    34.13    22.38    17.69    14.39  2 -6.67e-08      0.00 6.982e-01 2.888e-01 1.997e-03 1.054e-03 5.716e-03 -1.000 1.300e-02 -2.790 2.945 1.139 -0.427 -1.671 -3.072 -4.544 -5.438 -5.699
0.013 -0.05655 9.90309 1.0914428234 2.4902285062    0.894  2.856  3.5661  0.750    8  0.523  0.466    33.71    21.32    14.28    11.21     9.11  2 -3.23e-08      0.00 6.982e-01 2.888e-01 1.997e-03 1.054e-03 5.716e-03 -1.000 1.300e-02 -2.370 2.841 0.859 -0.762 -1.790 -2.815 -4.056 -4.902 -5.127
0.013 -0.05655 9.90309 1.0914429426 2.4902285266    0.893  2.879  3.5627  0.712    8  0.523  0.466    36.48    22.82    15.24    11.97     9.73  2  -3.6e-08      0.00 6.982e-01 2.888e-01 1.997e-03 1.054e-03 5.716e-03 -1.000 1.300e-02 -2.428 2.863 0.889 -0.731 -1.784 -2.856 -4.124 -4.978 -5.208
0.013 -0.05655 9.90309 1.0914431810 2.4902285674    0.891  3.005  3.5450  0.515    8  0.524  0.466    55.18    32.57    21.40    16.91    13.75  2 -6.23e-08      0.00 6.982e-01 2.888e-01 1.997e-03 1.054e-03 5.716e-03 -1.000 1.300e-02 -2.742 2.945 1.114 -0.460 -1.680 -3.044 -4.490 -5.380 -5.638
0.013 -0.05655 9.90309 1.0914434195 2.4902286082    0.889  3.164  3.5226  0.266    8  0.524  0.466    93.24    51.11    32.91    26.18    21.31  1 -1.22e-07      0.00 6.982e-01 2.888e-01 1.997e-03 1.054e-03 5.716e-03 -1.000 1.300e-02 -3.140 3.023 1.656 0.217 -1.357 -3.120 -4.964 -5.883 -6.182
0.013 -0.05655 9.90309 1.0914436579 2.4902286490    0.887  3.295  3.5042  0.060    8  0.524  0.466   143.60    74.07    46.90    37.52    30.57  0  -2.1e-07      0.00 6.982e-01 2.888e-01 1.997e-03 1.054e-03 5.716e-03 -1.000 1.300e-02 -3.467 3.072 2.301 1.053 -0.930 -2.955 -5.350 -6.288 -6.624
0.013 -0.05655 9.90309 1.0914440155 2.4902287102    0.884  3.377  3.4923 -0.071    8  0.524  0.466   178.85    93.86    58.80    47.20    38.48  0 -2.95e-07      0.00 6.982e-01 2.888e-01 1.997e-03 1.054e-03 5.716e-03 -1.000 1.300e-02 -3.673 3.094 2.682 1.528 -0.681 -2.813 -5.594 -6.542 -6.901
0.013 -0.05655 9.90309 1.0914443731 2.4902287714    0.881  3.419  3.4861 -0.139    8  0.524  0.466   198.19   105.99    66.03    53.11    43.31  0 -3.52e-07      0.00 6.982e-01 2.888e-01 1.997e-03 1.054e-03 5.716e-03 -1.000 1.300e-02 -3.776 3.101 2.825 1.671 -0.606 -2.766 -5.716 -6.669 -7.039
0.013 -0.05655 9.90309 1.0914448500 2.4902288531    0.878  3.436  3.4832 -0.169    8  0.524  0.466   207.32   111.84    69.50    55.95    45.63  0  -3.8e-07      0.00 6.982e-01 2.888e-01 1.997e-03 1.054e-03 5.716e-03 -1.000 1.300e-02 -3.819 3.107 2.882 1.717 -0.579 -2.746 -5.767 -6.722 -7.097
0.013 -0.05655 9.90309 1.0914453268 2.4902289347    0.874  3.443  3.4815 -0.186    8  0.525  0.466   212.17   115.02    71.38    57.50    46.89  0 -3.96e-07      0.00 6.982e-01 2.888e-01 1.997e-03 1.054e-03 5.716e-03 -1.000 1.300e-02 -3.838 3.115 2.919 1.748 -0.559 -2.730 -5.791 -6.747 -7.125
0.013 -0.05655 9.90309 1.0914453268 2.4902289347    0.873  3.234  3.5105  0.139    8  0.525  0.466   121.24    63.93    40.73    32.53    26.49  0 -1.71e-07      0.00 6.982e-01 2.888e-01 1.997e-03 1.054e-03 5.716e-03 -1.000 1.300e-02 -3.315 3.096 2.136 0.828 -1.024 -2.976 -5.178 -6.111 -6.434
0.013 -0.05655 9.90309 1.0914454460 2.4902289551    0.873  3.056  3.5351  0.415    8  0.525  0.466    67.79    38.80    25.28    20.05    16.30  1 -8.22e-08      0.00 6.982e-01 2.888e-01 1.997e-03 1.054e-03 5.716e-03 -1.000 1.300e-02 -2.870 3.023 1.361 -0.160 -1.514 -3.060 -4.651 -5.556 -5.831
0.013 -0.05655 9.90309 1.0914455652 2.4902289755    0.871  2.888  3.5583  0.676    8  0.525  0.466    39.18    24.23    16.13    12.70    10.32  2 -4.02e-08      0.00 6.982e-01 2.888e-01 1.997e-03 1.054e-03 5.716e-03 -1.000 1.300e-02 -2.450 2.934 0.983 -0.629 -1.715 -2.854 -4.158 -5.022 -5.258
0.013 -0.05655 9.90309 1.0914456844 2.4902289959    0.870  2.911  3.5550  0.638    8  0.525  0.466    42.38    25.92    17.20    13.55    11.01  2 -4.47e-08      0.00 6.982e-01 2.888e-01 1.997e-03 1.054e-03 5.716e-03 -1.000 1.300e-02 -2.508 2.952 1.026 -0.578 -1.695 -2.889 -4.226 -5.097 -5.338
0.013 -0.05655 9.90309 1.0914459229 2.4902290367    0.868  3.035  3.5375  0.443    8  0.525  0.466    63.90    36.86    24.08    19.08    15.51  1 -7.67e-08      0.00 6.982e-01 2.888e-01 1.997e-03 1.054e-03 5.716e-03 -1.000 1.300e-02 -2.818 3.024 1.316 -0.218 -1.536 -3.039 -4.591 -5.493 -5.764
0.013 -0.05655 9.90309 1.0914462805 2.4902290979    0.865  3.193  3.5153  0.195    8  0.525  0.466   107.54    57.61    36.87    29.41    23.95  0 -1.49e-07      0.00 6.982e-01 2.888e-01 1.997e-03 1.054e-03 5.716e-03 -1.000 1.300e-02 -3.212 3.096 1.969 0.607 -1.130 -3.008 -5.059 -5.987 -6.301
0.013 -0.05655 9.90309 1.0914465189 2.4902291387    0.862  3.322  3.4970 -0.008    8  0.525  0.466   160.79    83.19    52.37    42.00    34.23  0 -2.54e-07      0.00 6.982e-01 2.888e-01 1.997e-03 1.054e-03 5.716e-03 -1.000 1.300e-02 -3.534 3.133 2.587 1.405 -0.718 -2.813 -5.440 -6.385 -6.734
0.013 -0.05655 9.90309 1.0914469957 2.4902292204    0.858  3.403  3.4852 -0.138    8  0.526  0.466   196.08   105.14    65.49    52.72    42.98  0 -3.55e-07      0.00 6.982e-01 2.888e-01 1.997e-03 1.054e-03 5.716e-03 -1.000 1.300e-02 -3.737 3.145 2.884 1.730 -0.550 -2.711 -5.679 -6.633 -7.004
0.013 -0.05655 9.90309 1.0914473534 2.4902292816    0.854  3.443  3.4791 -0.205    8  0.526  0.466   216.95   118.53    73.42    59.22    48.29  0 -4.22e-07      0.01 6.982e-01 2.888e-01 1.997e-03 1.054e-03 5.716e-03 -1.000 1.300e-02 -3.838 3.150 2.993 1.813 -0.507 -2.683 -5.799 -6.757 -7.137
0.013 -0.05655 9.90309 1.0914478302 2.4902293632    0.850  3.460  3.4763 -0.235    8  0.526  0.466   226.68   124.92    77.18    62.32    50.82  0 -4.57e-07      0.01 6.982e-01 2.888e-01 1.997e-03 1.054e-03 5.716e-03 -1.000 1.300e-02 -3.879 3.155 3.037 1.844 -0.490 -2.676 -5.847 -6.806 -7.191
0.013 -0.05655 9.90309 1.0914484262 2.4902294652    0.845  3.467  3.4748 -0.251    8  0.526  0.466   231.69   128.30    79.17    63.96    52.16  0 -4.78e-07      0.01 6.982e-01 2.888e-01 1.997e-03 1.054e-03 5.716e-03 -1.000 1.300e-02 -3.897 3.162 3.064 1.865 -0.477 -2.666 -5.869 -6.828 -7.216
0.013 -0.05655 9.90309 1.0914484262 2.4902294652    0.844  3.263  3.5033  0.066    8  0.527  0.466   140.63    72.30    45.78    36.68    29.87  0 -2.13e-07      0.00 6.982e-01 2.888e-01 1.997e-03 1.054e-03 5.716e-03 -1.000 1.300e-02 -3.388 3.152 2.413 1.177 -0.821 -2.854 -5.275 -6.213 -6.550
0.013 -0.05655 9.90309 1.0914485455 2.4902294856    0.843  3.086  3.5281  0.342    8  0.527  0.466    78.58    43.91    28.43    22.61    18.39  1 -1.03e-07      0.00 6.982e-01 2.888e-01 1.997e-03 1.054e-03 5.716e-03 -1.000 1.300e-02 -2.946 3.091 1.583 0.107 -1.360 -3.031 -4.750 -5.664 -5.952
0.013 -0.05655 9.90309 1.0914486647 2.4902295060    0.841  2.918  3.5516  0.603    8  0.527  0.466    45.27    27.37    18.10    14.30    11.62  2  -5.1e-08      0.00 6.982e-01 2.888e-01 1.997e-03 1.054e-03 5.716e-03 -1.000 1.300e-02 -2.526 3.007 1.108 -0.488 -1.635 -2.885 -4.253 -5.131 -5.378
0.013 -0.05655 9.90309 1.0914489031 2.4902295468    0.839  2.941  3.5482  0.565    8  0.527  0.466    48.99    29.28    19.31    15.27    12.40  2 -5.68e-08      0.00 6.982e-01 2.888e-01 1.997e-03 1.054e-03 5.716e-03 -1.000 1.300e-02 -2.583 3.024 1.160 -0.425 -1.607 -2.915 -4.321 -5.206 -5.458
0.013 -0.05655 9.90309 1.0914491415 2.4902295876    0.836  3.064  3.5307  0.371    8  0.527  0.466    73.78    41.57    26.98    21.44    17.44  1 -9.64e-08      0.00 6.982e-01 2.888e-01 1.997e-03 1.054e-03 5.716e-03 -1.000 1.300e-02 -2.890 3.093 1.520 0.026 -1.395 -3.022 -4.686 -5.597 -5.880
0.013 -0.05655 9.90309 1.0914494991 2.4902296489    0.833  3.219  3.5085  0.125    8  0.527  0.466   123.93    64.77    41.21    32.97    26.84  0 -1.85e-07      0.00 6.982e-01 2.888e-01 1.997e-03 1.054e-03 5.716e-03 -1.000 1.300e-02 -3.278 3.163 2.266 0.980 -0.912 -2.887 -5.148 -6.082 -6.409
0.013 -0.05655 9.90309 1.0914498568 2.4902297101    0.828  3.347  3.4902 -0.078    8  0.527  0.466   176.28    93.34    58.40    46.99    38.29  0 -3.13e-07      0.00 6.982e-01 2.888e-01 1.997e-03 1.054e-03 5.716e-03 -1.000 1.300e-02 -3.596 3.195 2.847 1.711 -0.531 -2.677 -5.523 -6.474 -6.837
0.013 -0.05655 9.90309 1.0914502144 2.4902297713    0.823  3.427  3.4784 -0.207    8  0.528  0.466   214.77   117.85    72.96    58.92    48.03  0 -4.38e-07      0.01 6.982e-01 2.888e-01 1.997e-03 1.054e-03 5.716e-03 -1.000 1.300e-02 -3.797 3.200 3.053 1.871 -0.451 -2.630 -5.758 -6.717 -7.099
0.013 -0.05655 9.90309 1.0914506912 2.4902298529    0.818  3.466  3.4723 -0.275    8  0.528  0.466   237.54   132.81    81.77    66.17    53.95  0 -5.22e-07      0.01 6.982e-01 2.888e-01 1.997e-03 1.054e-03 5.716e-03 -1.000 1.300e-02 -3.896 3.202 3.139 1.929 -0.425 -2.621 -5.875 -6.835 -7.227
0.013 -0.05655 9.90309 1.0914512873 2.4902299549    0.812  3.482  3.4695 -0.305    8  0.528  0.466   248.17   139.98    85.97    69.64    56.79  0 -5.68e-07      0.01 6.982e-01 2.888e-01 1.997e-03 1.054e-03 5.716e-03 -1.000 1.300e-02 -3.936 3.206 3.180 1.958 -0.409 -2.613 -5.922 -6.884 -7.279
0.013 -0.05655 9.90309 1.0914518833 2.4902300570    0.805  3.489  3.4681 -0.321    8  0.529  0.466   253.63   143.80    88.19    71.49    58.30  0 -5.97e-07      0.01 6.982e-01 2.888e-01 1.997e-03 1.055e-03 5.716e-03 -1.000 1.300e-02 -3.952 3.214 3.203 1.975 -0.399 -2.608 -5.943 -6.905 -7.302
0.013 -0.05655 9.90309 1.0914518833 2.4902300570    0.805  3.293  3.4963 -0.012    8  0.529  0.466   157.69    82.31    51.76    41.61    33.89  0 -2.76e-07      0.00 6.982e-01 2.888e-01 1.997e-03 1.055e-03 5.716e-03 -1.000 1.300e-02 -3.462 3.218 2.692 1.515 -0.620 -2.720 -5.369 -6.315 -6.666
0.013 -0.05655 9.90309 1.0914520025 2.4902300774    0.803  3.117  3.5215  0.264    8  0.529  0.466    91.88    49.94    32.12    25.64    20.85  0 -1.36e-07      0.00 6.982e-01 2.888e-01 1.997e-03 1.055e-03 5.716e-03 -1.000 1.300e-02 -3.022 3.158 1.827 0.399 -1.196 -2.978 -4.849 -5.770 -6.071
0.013 -0.05655 9.90309 1.0914521217 2.4902300978    0.801  2.949  3.5455  0.527    8  0.529  0.466    52.65    31.03    20.39    16.16    13.13  1 -6.78e-08      0.00 6.982e-01 2.888e-01 1.997e-03 1.055e-03 5.716e-03 -1.000 1.300e-02 -2.602 3.070 1.236 -0.339 -1.553 -2.908 -4.349 -5.238 -5.495
0.013 -0.05655 9.90309 1.0914523602 2.4902301386    0.798  2.972  3.5421  0.488    8  0.529  0.466    57.06    33.23    21.76    17.27    14.03  1 -7.56e-08      0.00 6.982e-01 2.888e-01 1.997e-03 1.055e-03 5.716e-03 -1.000 1.300e-02 -2.660 3.088 1.299 -0.261 -1.515 -2.933 -4.417 -5.312 -5.575
0.013 -0.05655 9.90309 1.0914525986 2.4902301794    0.793  3.093  3.5244  0.294    8  0.529  0.466    86.01    47.15    30.39    24.25    19.72  0 -1.28e-07      0.00 6.982e-01 2.888e-01 1.997e-03 1.055e-03 5.716e-03 -1.000 1.300e-02 -2.962 3.158 1.746 0.297 -1.243 -2.976 -4.780 -5.698 -5.993
0.013 -0.05655 9.90309 1.0914529562 2.4902302406    0.788  3.246  3.5019  0.048    8  0.530  0.466   142.56    73.38    46.36    37.24    30.31  0 -2.43e-07      0.00 6.982e-01 2.888e-01 1.997e-03 1.055e-03 5.716e-03 -1.000 1.300e-02 -3.345 3.227 2.531 1.308 -0.720 -2.770 -5.236 -6.175 -6.515
0.013 -0.05655 9.90309 1.0914533138 2.4902303018    0.782  3.371  3.4833 -0.155    8  0.530  0.466   194.36   105.70    65.68    53.06    43.23  0 -4.09e-07      0.01 6.982e-01 2.888e-01 1.997e-03 1.055e-03 5.716e-03 -1.000 1.300e-02 -3.658 3.257 3.028 1.866 -0.426 -2.591 -5.605 -6.561 -6.935
0.013 -0.05655 9.90309 1.0914537907 2.4902303834    0.775  3.450  3.4714 -0.285    8  0.530  0.466   236.90   133.51    82.08    66.56    54.25  0 -5.72e-07      0.01 6.982e-01 2.888e-01 1.997e-03 1.055e-03 5.716e-03 -1.000 1.300e-02 -3.855 3.263 3.210 1.995 -0.365 -2.564 -5.836 -6.797 -7.190
0.013 -0.05655 9.90309 1.0914542675 2.4902304650    0.768  3.489  3.4653 -0.353    8  0.531  0.466   240.49    -1.00    -1.00    -1.00    -1.00  0 -6.87e-07      0.01 6.982e-01 2.888e-01 1.997e-03 1.055e-03 5.716e-03 -1.000 1.300e-02 -3.953 3.275 3.292 2.048 -0.343 -2.563 -5.950 -6.913 -7.316
0.013 -0.05655 9.90309 1.0914548635 2.4902305671    0.759  3.505  3.4627 -0.384    8  0.531  0.466   235.62    -1.00    -1.00    -1.00    -1.00  0 -7.56e-07      0.02 6.982e-01 2.888e-01 1.997e-03 1.055e-03 5.716e-03 -1.000 1.300e-02 -3.993 3.297 3.340 2.081 -0.326 -2.557 -5.995 -6.960 -7.368
0.013 -0.05655 9.90309 1.0914554596 2.4902306691    0.749  3.512  3.4614 -0.401    8  0.532  0.466   230.35    -1.00    -1.00    -1.00    -1.00  0 -8.06e-07      0.02 6.982e-01 2.888e-01 1.997e-03 1.055e-03 5.716e-03 -1.000 1.300e-02 -4.010 3.315 3.369 2.101 -0.315 -2.551 -6.014 -6.981 -7.391
0.013 -0.05655 9.90309 1.0914554596 2.4902306691    0.749  3.324  3.4896 -0.101    8  0.532  0.466   176.28    94.94    59.22    47.84    38.95  0 -3.88e-07      0.00 6.982e-01 2.888e-01 1.997e-03 1.055e-03 5.716e-03 -1.000 1.300e-02 -3.540 3.286 2.946 1.804 -0.450 -2.601 -5.468 -6.420 -6.784
0.013 -0.05655 9.90309 1.0914555788 2.4902306895    0.747  3.149  3.5157  0.177    8  0.532  0.466   109.23    57.38    36.61    29.36    23.88  0 -1.94e-07      0.00 6.982e-01 2.888e-01 1.997e-03 1.055e-03 5.716e-03 -1.000 1.300e-02 -3.103 3.220 2.068 0.694 -1.036 -2.911 -4.950 -5.876 -6.190
0.013 -0.05655 9.90309 1.0914556980 2.4902307099    0.744  2.982  3.5409  0.444    8  0.532  0.466    61.89    35.39    23.08    18.38    14.93  1 -9.82e-08      0.00 6.982e-01 2.888e-01 1.997e-03 1.055e-03 5.716e-03 -1.000 1.300e-02 -2.684 3.116 1.329 -0.235 -1.507 -2.948 -4.446 -5.342 -5.608
0.013 -0.05655 9.90309 1.0914559364 2.4902307507    0.740  3.005  3.5376  0.405    8  0.532  0.466    67.11    37.89    24.63    19.64    15.95  1  -1.1e-07      0.00 6.982e-01 2.888e-01 1.997e-03 1.055e-03 5.716e-03 -1.000 1.300e-02 -2.742 3.132 1.403 -0.144 -1.464 -2.965 -4.514 -5.415 -5.687
0.013 -0.05655 9.90309 1.0914561749 2.4902307915    0.734  3.124  3.5198  0.211    8  0.532  0.466   101.24    53.68    34.34    27.53    22.38  0 -1.85e-07      0.00 6.982e-01 2.888e-01 1.997e-03 1.055e-03 5.716e-03 -1.000 1.300e-02 -3.040 3.208 1.909 0.484 -1.149 -2.962 -4.873 -5.794 -6.101
0.013 -0.05655 9.90309 1.0914565325 2.4902308527    0.728  3.274  3.4972 -0.033    8  0.533  0.466   157.11    83.36    52.27    42.19    34.33  0 -3.49e-07      0.00 6.982e-01 2.888e-01 1.997e-03 1.055e-03 5.716e-03 -1.000 1.300e-02 -3.416 3.285 2.725 1.533 -0.596 -2.693 -5.320 -6.264 -6.616
0.013 -0.05655 9.90309 1.0914570093 2.4902309343    0.720  3.398  3.4787 -0.236    8  0.533  0.466   213.92   119.79    73.88    59.98    48.85  0 -5.86e-07      0.01 6.982e-01 2.888e-01 1.997e-03 1.055e-03 5.716e-03 -1.000 1.300e-02 -3.724 3.321 3.162 1.968 -0.366 -2.548 -5.683 -6.642 -7.027
0.013 -0.05655 9.90309 1.0914574862 2.4902310160    0.711  3.475  3.4671 -0.365    8  0.533  0.466   209.54    -1.00    -1.00    -1.00    -1.00  0 -8.26e-07      0.02 6.982e-01 2.888e-01 1.997e-03 1.055e-03 5.716e-03 -1.000 1.300e-02 -3.918 3.347 3.331 2.078 -0.318 -2.538 -5.907 -6.871 -7.276
0.013 -0.05655 9.90309 1.0914579630 2.4902310976    0.701  3.514  3.4616 -0.432    8  0.534  0.466   204.27    -1.00    -1.00    -1.00    -1.00  0    -1e-06      0.03 6.982e-01 2.888e-01 1.997e-03 1.055e-03 5.716e-03 -1.000 1.300e-02 -4.015 3.386 3.421 2.133 -0.297 -2.539 -6.014 -6.983 -7.399
0.013 -0.05655 9.90309 1.0914585590 2.4902311996    0.690  3.530  3.4599 -0.461    8  0.534  0.466   198.52    -1.00    -1.00    -1.00    -1.00  0 -1.12e-06      0.03 6.982e-01 2.888e-01 1.997e-03 1.055e-03 5.716e-03 -1.000 1.300e-02 -4.055 3.417 3.460 2.155 -0.291 -2.541 -6.055 -7.026 -7.448
0.013 -0.05655 9.90309 1.0914592743 2.4902313220    0.678  3.537  3.4600 -0.476    8  0.535  0.466   192.33    -1.00    -1.00    -1.00    -1.00  0 -1.23e-06      0.04 6.982e-01 2.888e-01 1.997e-03 1.055e-03 5.716e-03 -1.000 1.300e-02 -4.072 3.440 3.473 2.158 -0.296 -2.549 -6.069 -7.042 -7.466
0.013 -0.05655 9.90309 1.0914635658 2.4902320566    0.538 -9.999  4.0000  1.806    9  0.538  0.000     0.00     0.00     0.00     0.00     0.00 -1    -1e-30      0.00 6.982e-01 2.888e-01 1.997e-03 1.055e-03 5.716e-03 -1.000 1.300e-02 29.767 29.725 29.988 30.036 30.024 30.021 30.069 30.067 30.084
#isochrone terminated
