# File generated by CMD 3.9 (http://stev.oapd.inaf.it/cmd) on Tue May 12 07:31:22 UTC 2026
# isochrones based on PARSEC release v1.2S +  COLIBRI S_37 + S_35 + PR16
# Basic references: Bressan et al. (2012), MNRAS, 427, 127 + Chen et al. (2014, 2015), MNRAS, 444, 2525 + MNRAS, 452, 1068 + Tang et al. (2014), MNRAS, 445, 4287 + Marigo et al. (2017), ApJ, 835, 77 + Pastorelli al. (2019), MNRAS, 485, 5666 + Pastorelli al. (2020), MNRAS, in press
# Thermal pulse cycles included 
# On RGB, assumed Reimers mass loss with efficiency eta=0.2
# LPV periods and growth rates added cf. Trabucchi et al. (2019)
# but fundamental-mode LPV periods + transition are from Trabucchi et al. (2021)
# Photometric system: <i>UBVRIJHK</i> (cf. Maiz-Apellaniz 2006 + Bessell 1990)
# Using YBC version of bolometric corrections as in Chen et al. (2019)
# O-rich circumstellar dpmod60alox40 dust from Groenewegen (2006)
# C-rich circumstellar AMCSIC15 dust from Groenewegen (2006)
# IMF: Kroupa (2001, 2002) + Kroupa et al. (2013) canonical two-part-power law IMF corrected for unresolved binaries 
# Kind of output: isochrone tables
# Zini     MH   logAge Mini        int_IMF         Mass   logL    logTe  logg  label   McoreTP C_O  period0  period1  period2  period3  period4  pmode  Mloss  tau1m   X   Y   Xc  Xn  Xo  Cexcess  Z 	 mbolmag  Umag    Bmag    Vmag    Rmag    Imag    Jmag    Hmag    Kmag
0.013 -0.05655 9.95424 0.0900000036 1.0816895926    0.090 -3.412  3.3679  5.228    1  0.000  0.545     0.00     0.00     0.00     0.00     0.00 -1 -3.95e-17      0.00 7.141e-01 2.728e-01 2.359e-03 6.364e-04 5.772e-03 -1.000 1.312e-02 13.300 22.687 19.985 18.126 15.942 13.678 11.209 10.595 10.316
0.013 -0.05655 9.95424 0.1000000015 1.1711064122    0.100 -3.224  3.3948  5.194    1  0.000  0.545     0.00     0.00     0.00     0.00     0.00 -1    -6e-17      0.00 7.137e-01 2.731e-01 2.359e-03 6.364e-04 5.772e-03 -1.000 1.312e-02 12.831 22.154 19.488 17.639 15.467 13.209 10.741 10.128 9.845
0.013 -0.05655 9.95424 0.1096190587 1.2467770521    0.110 -3.089  3.4128  5.170    1  0.000  0.545     0.00     0.00     0.00     0.00     0.00 -1 -8.05e-17      0.00 7.133e-01 2.736e-01 2.359e-03 6.364e-04 5.772e-03 -1.000 1.312e-02 12.492 21.771 19.130 17.287 15.124 12.871 10.403 9.791 9.505
0.013 -0.05655 9.95424 0.1200000048 1.3193154741    0.120 -2.955  3.4304  5.146    1  0.000  0.545     0.00     0.00     0.00     0.00     0.00 -1 -1.08e-16      0.00 7.129e-01 2.740e-01 2.359e-03 6.364e-04 5.772e-03 -1.000 1.312e-02 12.159 20.647 18.266 16.475 14.488 12.355 10.103 9.488 9.196
0.013 -0.05655 9.95424 0.1400000006 1.4384526719    0.140 -2.774  3.4496  5.109    1  0.000  0.545     0.00     0.00     0.00     0.00     0.00 -1 -1.58e-16      0.00 7.122e-01 2.747e-01 2.359e-03 6.364e-04 5.772e-03 -1.000 1.312e-02 11.706 19.230 17.130 15.423 13.652 11.679 9.696 9.077 8.784
0.013 -0.05655 9.95424 0.1599999964 1.5372931554    0.160 -2.632  3.4632  5.079    1  0.000  0.545     0.00     0.00     0.00     0.00     0.00 -1 -2.12e-16      0.00 7.115e-01 2.754e-01 2.359e-03 6.364e-04 5.772e-03 -1.000 1.312e-02 11.351 18.233 16.319 14.653 13.031 11.187 9.376 8.755 8.465
0.013 -0.05655 9.95424 0.2000000030 1.6938790862    0.200 -2.413  3.4820  5.032    1  0.000  0.545     0.00     0.00     0.00     0.00     0.00 -1 -3.31e-16      0.00 7.104e-01 2.764e-01 2.359e-03 6.364e-04 5.772e-03 -1.000 1.312e-02 10.802 16.910 15.206 13.595 12.153 10.483 8.873 8.251 7.968
0.013 -0.05655 9.95424 0.2500000000 1.8403257998    0.250 -2.202  3.4977  4.981    1  0.000  0.545     0.00     0.00     0.00     0.00     0.00 -1  -5.1e-16      0.00 7.096e-01 2.773e-01 2.359e-03 6.364e-04 5.772e-03 -1.000 1.312e-02 10.274 15.831 14.267 12.694 11.377 9.855 8.385 7.761 7.488
0.013 -0.05655 9.95424 0.3000000119 1.9529139769    0.300 -2.038  3.5081  4.937    1  0.000  0.545     0.00     0.00     0.00     0.00     0.00 -1 -2.58e-17      0.00 7.094e-01 2.775e-01 2.359e-03 6.364e-04 5.772e-03 -1.000 1.312e-02 9.865 15.113 13.624 12.084 10.835 9.393 7.999 7.373 7.109
0.013 -0.05655 9.95424 0.3488108516 2.0414641790    0.349 -1.893  3.5165  4.891    1  0.000  0.545     0.00     0.00     0.00     0.00     0.00 -1 -9.49e-16      0.00 7.148e-01 2.721e-01 2.359e-03 6.364e-04 5.772e-03 -1.000 1.312e-02 9.502 14.525 13.087 11.574 10.373 8.994 7.656 7.026 6.769
0.013 -0.05655 9.95424 0.3500000238 2.0434175133    0.350 -1.889  3.5167  4.890    1  0.000  0.545     0.00     0.00     0.00     0.00     0.00 -1 -9.83e-16      0.00 7.149e-01 2.720e-01 2.359e-03 6.364e-04 5.772e-03 -1.000 1.312e-02 9.493 14.512 13.075 11.562 10.363 8.985 7.648 7.018 6.761
0.013 -0.05655 9.95424 0.4000000358 2.1185024810    0.400 -1.744  3.5277  4.847    1  0.000  0.545     0.00     0.00     0.00     0.00     0.00 -1 -1.35e-15      0.00 7.151e-01 2.718e-01 2.359e-03 6.364e-04 5.772e-03 -1.000 1.312e-02 9.130 13.902 12.509 11.024 9.879 8.581 7.312 6.675 6.427
0.013 -0.05655 9.95424 0.4500000179 2.1822809362    0.450 -1.591  3.5404  4.796    1  0.000  0.545     0.00     0.00     0.00     0.00     0.00 -1 -1.92e-15      0.00 7.152e-01 2.717e-01 2.359e-03 6.364e-04 5.772e-03 -1.000 1.312e-02 8.749 13.287 11.924 10.468 9.377 8.162 6.963 6.317 6.079
0.013 -0.05655 9.95424 0.4740735590 2.2097894489    0.474 -1.511  3.5483  4.770    1  0.000  0.545     0.00     0.00     0.00     0.00     0.00 -1 -2.32e-15      0.00 7.152e-01 2.717e-01 2.359e-03 6.364e-04 5.772e-03 -1.000 1.312e-02 8.548 12.964 11.609 10.168 9.104 7.942 6.782 6.132 5.899
0.013 -0.05655 9.95424 0.5000000000 2.2374541529    0.500 -1.429  3.5565  4.744    1  0.000  0.545     0.00     0.00     0.00     0.00     0.00 -1 -2.81e-15      0.00 7.152e-01 2.717e-01 2.359e-03 6.364e-04 5.772e-03 -1.000 1.312e-02 8.343 12.646 11.293 9.864 8.827 7.719 6.599 5.943 5.716
0.013 -0.05655 9.95424 0.5500000119 2.2836582633    0.550 -1.250  3.5774  4.689    1  0.000  0.545     0.00     0.00     0.00     0.00     0.00 -1 -4.31e-15      0.00 7.361e-01 2.517e-01 2.198e-03 5.930e-04 5.380e-03 -1.000 1.223e-02 7.894 11.941 10.580 9.176 8.197 7.233 6.207 5.536 5.330
0.013 -0.05655 9.95424 0.6000000238 2.3211213258    0.600 -1.074  3.6032  4.654    1  0.000  0.544     0.00     0.00     0.00     0.00     0.00 -1 -6.44e-15      0.00 7.392e-01 2.487e-01 2.175e-03 5.871e-04 5.327e-03 -1.000 1.211e-02 7.454 11.231 9.846 8.495 7.577 6.767 5.832 5.141 4.974
0.013 -0.05655 9.95424 0.6499999762 2.3520353107    0.650 -0.894  3.6342  4.634    1  0.000  0.544     0.00     0.00     0.00     0.00     0.00 -1 -9.58e-15      0.00 7.420e-01 2.459e-01 2.155e-03 5.817e-04 5.279e-03 -1.000 1.201e-02 7.006 10.415 9.021 7.784 6.948 6.297 5.455 4.774 4.656
0.013 -0.05655 9.95424 0.7000000477 2.3779267258    0.700 -0.721  3.6651  4.616    1  0.000  0.544     0.00     0.00     0.00     0.00     0.00 -1  -1.4e-14      0.00 7.449e-01 2.432e-01 2.134e-03 5.763e-04 5.231e-03 -1.000 1.191e-02 6.572 9.339 8.171 7.088 6.366 5.845 5.108 4.497 4.409
0.013 -0.05655 9.95424 0.7112419009 2.3831746564    0.711 -0.682  3.6717  4.611    1  0.000  0.542     0.00     0.00     0.00     0.00     0.00 -1 -1.53e-14      0.00 7.456e-01 2.425e-01 2.122e-03 5.747e-04 5.218e-03 -1.000 1.189e-02 6.476 9.090 7.992 6.942 6.246 5.745 5.032 4.441 4.358
0.013 -0.05655 9.95424 0.7289577127 2.3910681764    0.729 -0.622  3.6819  4.603    1  0.000  0.540     0.00     0.00     0.00     0.00     0.00 -1 -1.75e-14      0.00 7.467e-01 2.415e-01 2.104e-03 5.722e-04 5.198e-03 -1.000 1.180e-02 6.326 8.703 7.720 6.719 6.066 5.590 4.914 4.359 4.280
0.013 -0.05655 9.95424 0.7462267280 2.3983492435    0.746 -0.564  3.6916  4.594    1  0.000  0.537     0.00     0.00     0.00     0.00     0.00 -1    -2e-14      0.00 7.478e-01 2.404e-01 2.086e-03 5.698e-04 5.179e-03 -1.000 1.179e-02 6.181 8.363 7.473 6.515 5.898 5.444 4.800 4.274 4.200
0.013 -0.05655 9.95424 0.7500000000 2.3998889087    0.750 -0.552  3.6937  4.591    1  0.000  0.537     0.00     0.00     0.00     0.00     0.00 -1 -2.06e-14      0.00 7.481e-01 2.402e-01 2.083e-03 5.693e-04 5.175e-03 -1.000 1.176e-02 6.149 8.287 7.420 6.472 5.862 5.412 4.776 4.255 4.182
0.013 -0.05655 9.95424 0.7570445538 2.4027162237    0.757 -0.529  3.6970  4.586    1  0.000  0.537     0.00     0.00     0.00     0.00     0.00 -1 -2.17e-14      0.00 7.487e-01 2.396e-01 2.078e-03 5.681e-04 5.165e-03 -1.000 1.174e-02 6.092 8.158 7.329 6.395 5.798 5.355 4.730 4.219 4.148
0.013 -0.05655 9.95424 0.7773644924 2.4105424574    0.777 -0.462  3.7066  4.569    1  0.000  0.536     0.00     0.00     0.00     0.00     0.00 -1 -2.55e-14      0.00 7.505e-01 2.379e-01 2.065e-03 5.648e-04 5.135e-03 -1.000 1.164e-02 5.926 7.803 7.073 6.179 5.615 5.190 4.597 4.116 4.048
0.013 -0.05655 9.95424 0.7963979840 2.4174581776    0.796 -0.400  3.7153  4.552    1  0.000  0.536     0.00     0.00     0.00     0.00     0.00 -1 -2.96e-14      0.00 7.521e-01 2.363e-01 2.054e-03 5.616e-04 5.106e-03 -1.000 1.157e-02 5.771 7.483 6.842 5.983 5.447 5.039 4.474 4.017 3.953
0.013 -0.05655 9.95424 0.7995212078 2.4185568769    0.799 -0.390  3.7167  4.550    1  0.000  0.536     0.00     0.00     0.00     0.00     0.00 -1 -3.03e-14      0.00 7.524e-01 2.361e-01 2.052e-03 5.611e-04 5.102e-03 -1.000 1.156e-02 5.745 7.431 6.804 5.951 5.420 5.014 4.454 4.001 3.937
0.013 -0.05655 9.95424 0.8127461076 2.4231017614    0.812 -0.347  3.7224  4.536    1  0.000  0.536     0.00     0.00     0.00     0.00     0.00 -1 -3.38e-14      0.00 7.537e-01 2.348e-01 2.042e-03 5.585e-04 5.079e-03 -1.000 1.154e-02 5.637 7.220 6.650 5.819 5.306 4.909 4.367 3.929 3.868
0.013 -0.05655 9.95424 0.8283054829 2.4282357999    0.828 -0.296  3.7289  4.519    1  0.000  0.536     0.00     0.00     0.00     0.00     0.00 -1 -3.84e-14      0.00 7.553e-01 2.332e-01 2.031e-03 5.555e-04 5.051e-03 -1.000 1.150e-02 5.509 6.981 6.475 5.668 5.172 4.786 4.263 3.843 3.784
0.013 -0.05655 9.95424 0.8428011537 2.4328232229    0.842 -0.248  3.7347  4.502    1  0.000  0.536     0.00     0.00     0.00     0.00     0.00 -1 -4.33e-14      0.00 7.568e-01 2.317e-01 2.020e-03 5.526e-04 5.026e-03 -1.000 1.143e-02 5.390 6.764 6.312 5.528 5.049 4.672 4.167 3.762 3.706
0.013 -0.05655 9.95424 0.8490424156 2.4347429970    0.848 -0.227  3.7372  4.495    1  0.000  0.536     0.00     0.00     0.00     0.00     0.00 -1 -4.56e-14      0.00 7.575e-01 2.311e-01 2.016e-03 5.514e-04 5.015e-03 -1.000 1.141e-02 5.338 6.671 6.241 5.467 4.995 4.623 4.126 3.727 3.672
0.013 -0.05655 9.95424 0.8572676182 2.4372239859    0.856 -0.200  3.7402  4.483    1  0.000  0.536     0.00     0.00     0.00     0.00     0.00 -1  -4.9e-14      0.00 7.585e-01 2.301e-01 2.008e-03 5.494e-04 4.997e-03 -1.000 1.138e-02 5.269 6.551 6.149 5.388 4.925 4.558 4.070 3.679 3.625
0.013 -0.05655 9.95424 0.8721941710 2.4415891837    0.871 -0.149  3.7456  4.462    1  0.000  0.536     0.00     0.00     0.00     0.00     0.00 -1 -5.58e-14      0.00 7.604e-01 2.283e-01 1.995e-03 5.457e-04 4.964e-03 -1.000 1.130e-02 5.144 6.331 5.986 5.247 4.799 4.441 3.968 3.590 3.539
0.013 -0.05655 9.95424 0.8858823776 2.4454438934    0.885 -0.103  3.7502  4.440    1  0.000  0.536     0.00     0.00     0.00     0.00     0.00 -1 -6.32e-14      0.00 7.622e-01 2.266e-01 1.982e-03 5.423e-04 4.934e-03 -1.000 1.119e-02 5.026 6.133 5.836 5.117 4.683 4.332 3.872 3.504 3.456
0.013 -0.05655 9.95424 0.8985635638 2.4488947628    0.898 -0.059  3.7543  4.419    1  0.000  0.536     0.00     0.00     0.00     0.00     0.00 -1 -7.12e-14      0.00 7.639e-01 2.250e-01 1.970e-03 5.391e-04 4.905e-03 -1.000 1.110e-02 4.917 5.961 5.701 4.998 4.574 4.230 3.781 3.422 3.376
0.013 -0.05655 9.95424 0.9041410685 2.4503773403    0.903 -0.039  3.7560  4.409    1  0.000  0.536     0.00     0.00     0.00     0.00     0.00 -1 -7.52e-14      0.00 7.648e-01 2.241e-01 1.964e-03 5.374e-04 4.890e-03 -1.000 1.108e-02 4.867 5.886 5.641 4.944 4.526 4.183 3.739 3.384 3.338
0.013 -0.05655 9.95424 0.9220388532 2.4549958362    0.921  0.026  3.7609  4.372    1  0.000  0.535     0.00     0.00     0.00     0.00     0.00 -1    -9e-14      0.00 7.677e-01 2.213e-01 1.943e-03 5.318e-04 4.840e-03 -1.000 1.104e-02 4.706 5.651 5.447 4.772 4.366 4.031 3.601 3.257 3.213
0.013 -0.05655 9.95424 0.9390586019 2.4592004765    0.938  0.088  3.7649  4.334    1  0.000  0.535     0.00     0.00     0.00     0.00     0.00 -1 -1.07e-13      0.00 7.705e-01 2.186e-01 1.923e-03 5.265e-04 4.792e-03 -1.000 1.091e-02 4.551 5.441 5.267 4.609 4.214 3.886 3.465 3.131 3.088
0.013 -0.05655 9.95424 0.9480847716 2.4613600277    0.947  0.120  3.7666  4.313    1  0.000  0.535     0.00     0.00     0.00     0.00     0.00 -1 -1.18e-13      0.00 7.719e-01 2.173e-01 1.914e-03 5.240e-04 4.769e-03 -1.000 1.084e-02 4.470 5.335 5.174 4.524 4.133 3.808 3.392 3.061 3.020
0.013 -0.05655 9.95424 0.9579287171 2.4636619616    0.957  0.156  3.7681  4.287    1  0.000  0.535     0.00     0.00     0.00     0.00     0.00 -1 -1.31e-13      0.00 7.737e-01 2.156e-01 1.901e-03 5.206e-04 4.739e-03 -1.000 1.076e-02 4.379 5.225 5.074 4.431 4.044 3.721 3.310 2.982 2.941
0.013 -0.05655 9.95424 0.9685681462 2.4660895033    0.968  0.198  3.7696  4.256    1  0.000  0.535     0.00     0.00     0.00     0.00     0.00 -1  -1.5e-13      0.00 7.743e-01 2.149e-01 1.897e-03 5.195e-04 4.730e-03 -1.000 1.075e-02 4.274 5.099 4.959 4.323 3.940 3.619 3.211 2.887 2.847
0.013 -0.05655 9.95424 0.9719638228 2.4668514224    0.971  0.212  3.7700  4.245    1  0.000  0.535     0.00     0.00     0.00     0.00     0.00 -1 -1.57e-13      0.00 7.743e-01 2.150e-01 1.898e-03 5.197e-04 4.732e-03 -1.000 1.077e-02 4.239 5.058 4.922 4.287 3.905 3.586 3.179 2.856 2.816
0.013 -0.05655 9.95424 0.9775424004 2.4680899339    0.977  0.236  3.7705  4.226    1  0.000  0.535     0.00     0.00     0.00     0.00     0.00 -1 -1.68e-13      0.00 7.741e-01 2.151e-01 1.899e-03 5.201e-04 4.735e-03 -1.000 1.079e-02 4.181 4.994 4.860 4.228 3.848 3.529 3.123 2.801 2.761
0.013 -0.05655 9.95424 0.9866981506 2.4700877561    0.986  0.275  3.7707  4.192    1  0.000  0.535     0.00     0.00     0.00     0.00     0.00 -1  -1.9e-13      0.00 7.737e-01 2.155e-01 1.904e-03 5.215e-04 4.748e-03 -1.000 1.082e-02 4.083 4.892 4.759 4.129 3.750 3.431 3.026 2.704 2.665
0.013 -0.05655 9.95424 0.9969233274 2.4722691239    0.996  0.321  3.7700  4.148    1  0.000  0.535     0.00     0.00     0.00     0.00     0.00 -1 -2.21e-13      0.00 7.718e-01 2.173e-01 1.922e-03 5.262e-04 4.792e-03 -1.000 1.091e-02 3.968 4.784 4.648 4.015 3.635 3.316 2.909 2.585 2.546
0.013 -0.05655 9.95424 0.9976059794 2.4724129260    0.997  0.324  3.7699  4.144    1  0.000  0.535     0.00     0.00     0.00     0.00     0.00 -1 -2.23e-13      0.00 7.716e-01 2.175e-01 1.924e-03 5.268e-04 4.797e-03 -1.000 1.092e-02 3.960 4.778 4.641 4.008 3.627 3.308 2.900 2.577 2.537
0.013 -0.05655 9.95424 1.0036690235 2.4736802537    1.003  0.352  3.7686  4.113    1  0.000  0.535     0.00     0.00     0.00     0.00     0.00 -1 -2.45e-13      0.00 7.700e-01 2.190e-01 1.938e-03 5.310e-04 4.835e-03 -1.000 1.101e-02 3.889 4.721 4.576 3.938 3.555 3.234 2.823 2.497 2.456
0.013 -0.05655 9.95424 1.0056194067 2.4740841984    1.005  0.362  3.7680  4.102    2  0.000  0.535     0.00     0.00     0.00     0.00     0.00 -1 -2.53e-13      0.00 7.688e-01 2.201e-01 1.948e-03 5.336e-04 4.858e-03 -1.000 1.108e-02 3.865 4.705 4.556 3.916 3.532 3.209 2.796 2.469 2.428
0.013 -0.05655 9.95424 1.0135399103 2.4757062610    1.012  0.400  3.7639  4.051    2  0.000  0.535     0.00     0.00     0.00     0.00     0.00 -1 -2.87e-13      0.00 7.622e-01 2.264e-01 2.001e-03 5.480e-04 4.990e-03 -1.000 1.138e-02 3.770 4.657 4.483 3.828 3.435 3.106 2.683 2.346 2.304
0.013 -0.05655 9.95424 1.0215668678 2.4773206481    1.020  0.434  3.7547  3.984    2  0.000  0.535     0.00     0.00     0.00     0.00     0.00 -1 -3.31e-13      0.00 7.509e-01 2.373e-01 2.085e-03 5.708e-04 5.194e-03 -1.000 1.181e-02 3.686 4.692 4.456 3.763 3.349 3.006 2.556 2.199 2.152
0.013 -0.05655 9.95424 1.0258570910 2.4781715962    1.024  0.442  3.7447  3.937    2  0.000  0.536     0.00     0.00     0.00     0.00     0.00 -1 -3.54e-13      0.00 7.426e-01 2.452e-01 2.142e-03 5.861e-04 5.332e-03 -1.000 1.215e-02 3.664 4.811 4.497 3.766 3.328 2.969 2.491 2.108 2.058
0.013 -0.05655 9.95424 1.0285103321 2.4786937720    1.027  0.440  3.7345  3.899    2  0.000  0.536     0.00     0.00     0.00     0.00     0.00 -1 -3.67e-13      0.00 7.370e-01 2.507e-01 2.180e-03 5.963e-04 5.423e-03 -1.000 1.236e-02 3.669 4.962 4.569 3.800 3.338 2.963 2.455 2.047 1.993
0.013 -0.05655 9.95424 1.0307391882 2.4791300373    1.029  0.438  3.7231  3.857    2  0.000  0.537     0.00     0.00     0.00     0.00     0.00 -1 -3.81e-13      0.00 7.323e-01 2.552e-01 2.211e-03 6.045e-04 5.496e-03 -1.000 1.248e-02 3.676 5.142 4.658 3.845 3.355 2.961 2.417 1.978 1.920
0.013 -0.05655 9.95424 1.0328719616 2.4795454693    1.031  0.450  3.7120  3.802    2  0.000  0.537     0.00     0.00     0.00     0.00     0.00 -1 -4.15e-13      0.00 7.282e-01 2.591e-01 2.236e-03 6.111e-04 5.554e-03 -1.000 1.263e-02 3.646 5.293 4.714 3.858 3.340 2.927 2.346 1.875 1.813
0.013 -0.05655 9.95424 1.0347354412 2.4799068353    1.033  0.483  3.7044  3.738    2  0.000  0.537     0.00     0.00     0.00     0.00     0.00 -1 -4.79e-13      0.00 7.247e-01 2.625e-01 2.254e-03 6.159e-04 5.597e-03 -1.000 1.272e-02 3.562 5.337 4.693 3.808 3.269 2.842 2.235 1.743 1.677
0.013 -0.05655 9.95424 1.0354647636 2.4800478583    1.034  0.501  3.7019  3.711    2  0.000  0.537     0.00     0.00     0.00     0.00     0.00 -1 -5.14e-13      0.00 7.233e-01 2.639e-01 2.260e-03 6.176e-04 5.612e-03 -1.000 1.273e-02 3.518 5.334 4.670 3.775 3.229 2.798 2.182 1.683 1.616
0.013 -0.05655 9.95424 1.0363510847 2.4802189316    1.035  0.530  3.6998  3.674    3  0.000  0.537     0.00     0.00     0.00     0.00     0.00 -1 -5.73e-13      0.00 7.215e-01 2.657e-01 2.265e-03 6.194e-04 5.626e-03 -1.000 1.279e-02 3.445 5.292 4.613 3.710 3.160 2.724 2.102 1.596 1.529
0.013 -0.05655 9.95424 1.0376133919 2.4804619958    1.036  0.576  3.6972  3.618    3  0.000  0.536     0.00     0.00     0.00     0.00     0.00 -1 -6.76e-13      0.00 7.187e-01 2.685e-01 2.268e-03 6.233e-04 5.645e-03 -1.000 1.283e-02 3.330 5.219 4.521 3.608 3.051 2.610 1.978 1.465 1.396
0.013 -0.05655 9.95424 1.0386643410 2.4806638436    1.037  0.619  3.6955  3.569    3  0.000  0.532     0.00     0.00     0.00     0.00     0.00 -1 -7.88e-13      0.00 7.160e-01 2.711e-01 2.259e-03 6.307e-04 5.659e-03 -1.000 1.287e-02 3.223 5.139 4.429 3.509 2.948 2.504 1.866 1.347 1.277
0.013 -0.05655 9.95424 1.0398588181 2.4808926881    1.038  0.673  3.6937  3.508    3  0.000  0.521     0.00     0.00     0.00     0.00     0.00 -1 -9.55e-13      0.00 7.125e-01 2.746e-01 2.218e-03 6.687e-04 5.672e-03 -1.000 1.291e-02 3.087 5.027 4.307 3.381 2.817 2.369 1.724 1.200 1.130
0.013 -0.05655 9.95424 1.0406738520 2.4810484901    1.039  0.714  3.6926  3.463    3  0.000  0.509     0.00     0.00     0.00     0.00     0.00 -1  -1.1e-12      0.00 7.100e-01 2.771e-01 2.167e-03 7.238e-04 5.680e-03 -1.000 1.292e-02 2.986 4.945 4.216 3.285 2.718 2.268 1.619 1.092 1.021
0.013 -0.05655 9.95424 1.0414617062 2.4811988299    1.040  0.756  3.6915  3.417    3  0.000  0.495     0.00     0.00     0.00     0.00     0.00 -1 -1.28e-12      0.00 7.075e-01 2.796e-01 2.109e-03 7.943e-04 5.686e-03 -1.000 1.293e-02 2.881 4.861 4.122 3.185 2.615 2.163 1.510 0.979 0.908
0.013 -0.05655 9.95424 1.0421953201 2.4813385845    1.040  0.798  3.6903  3.370    3  0.000  0.482     0.00     0.00     0.00     0.00     0.00 -1 -1.49e-12      0.00 7.053e-01 2.817e-01 2.058e-03 8.590e-04 5.691e-03 -1.000 1.297e-02 2.775 4.776 4.027 3.084 2.512 2.057 1.400 0.866 0.794
0.013 -0.05655 9.95424 1.0428395271 2.4814611204    1.041  0.839  3.6892  3.325    3  0.000  0.474     0.00     0.00     0.00     0.00     0.00 -1 -1.72e-12      0.00 7.036e-01 2.834e-01 2.023e-03 9.038e-04 5.695e-03 -1.000 1.298e-02 2.673 4.695 3.936 2.988 2.413 1.956 1.294 0.757 0.686
0.013 -0.05655 9.95424 1.0434539318 2.4815778255    1.041  0.880  3.6880  3.280    3  0.000  0.467     0.00     0.00     0.00     0.00     0.00 -1 -1.99e-12      0.00 7.021e-01 2.850e-01 1.994e-03 9.409e-04 5.698e-03 -1.000 1.299e-02 2.570 4.614 3.845 2.891 2.313 1.853 1.188 0.647 0.575
0.013 -0.05655 9.95424 1.0440313816 2.4816873671    1.042  0.922  3.6868  3.233    3  0.000  0.461     0.00     0.00     0.00     0.00     0.00 -1 -2.31e-12      0.00 7.007e-01 2.862e-01 1.971e-03 9.701e-04 5.700e-03 -1.000 1.301e-02 2.465 4.534 3.754 2.792 2.211 1.749 1.079 0.535 0.462
0.013 -0.05655 9.95424 1.0445756912 2.4817904946    1.042  0.964  3.6854  3.186    3  0.000  0.457     0.00     0.00     0.00     0.00     0.00 -1 -2.69e-12      0.00 6.996e-01 2.873e-01 1.954e-03 9.930e-04 5.702e-03 -1.000 1.302e-02 2.360 4.454 3.662 2.694 2.109 1.644 0.969 0.421 0.348
0.013 -0.05655 9.95424 1.0450503826 2.4818803310    1.043  1.004  3.6841  3.140    3  0.000  0.454     0.00     0.00     0.00     0.00     0.00 -1  -3.1e-12      0.00 6.989e-01 2.881e-01 1.942e-03 1.008e-03 5.703e-03 -1.000 1.302e-02 2.260 4.380 3.576 2.600 2.012 1.544 0.864 0.312 0.238
0.013 -0.05655 9.95424 1.0454974174 2.4819648476    1.043  1.045  3.6826  3.094    3  0.000  0.452     0.00     0.00     0.00     0.00     0.00 -1 -3.59e-12      0.00 6.983e-01 2.887e-01 1.934e-03 1.019e-03 5.704e-03 -1.000 1.302e-02 2.158 4.307 3.488 2.506 1.914 1.443 0.757 0.201 0.127
0.013 -0.05655 9.95424 1.0458946228 2.4820398736    1.044  1.084  3.6812  3.050    3  0.000  0.450     0.00     0.00     0.00     0.00     0.00 -1 -4.12e-12      0.00 6.979e-01 2.891e-01 1.927e-03 1.027e-03 5.705e-03 -1.000 1.303e-02 2.061 4.239 3.407 2.417 1.821 1.347 0.656 0.095 0.020
0.013 -0.05655 9.95424 1.0463831425 2.4821320578    1.044  1.136  3.6791  2.989    3  0.000  0.449     0.00     0.00     0.00     0.00     0.00 -1 -4.98e-12      0.00 6.975e-01 2.895e-01 1.922e-03 1.034e-03 5.706e-03 -1.000 1.303e-02 1.930 4.150 3.297 2.297 1.696 1.217 0.518 -0.048 -0.124
0.013 -0.05655 9.95424 1.0468086004 2.4822122616    1.044  1.186  3.6770  2.931    3  0.000  0.449     0.00     0.00     0.00     0.00     0.00 -1 -5.98e-12      0.00 6.974e-01 2.896e-01 1.920e-03 1.037e-03 5.707e-03 -1.000 1.302e-02 1.804 4.067 3.193 2.183 1.576 1.093 0.386 -0.187 -0.264
0.013 -0.05655 9.95424 1.0471271276 2.4822722586    1.045  1.227  3.6752  2.883    3  0.000  0.448     0.00     0.00     0.00     0.00     0.00 -1 -6.95e-12      0.00 6.973e-01 2.896e-01 1.918e-03 1.038e-03 5.707e-03 -1.000 1.302e-02 1.702 4.001 3.109 2.091 1.478 0.991 0.278 -0.301 -0.379
0.013 -0.05655 9.95424 1.0471528769 2.4822771068    1.045  1.231  3.6751  2.879    3  0.000  0.448     0.00     0.00     0.00     0.00     0.00 -1 -7.04e-12      0.00 6.973e-01 2.897e-01 1.918e-03 1.038e-03 5.707e-03 -1.000 1.302e-02 1.693 3.996 3.102 2.083 1.470 0.983 0.269 -0.310 -0.389
0.013 -0.05655 9.95424 1.0474967957 2.4823418357    1.045  1.280  3.6729  2.821    3  0.000  0.448     0.00     0.00     0.00     0.00     0.00 -1 -8.41e-12      0.00 6.973e-01 2.897e-01 1.918e-03 1.039e-03 5.707e-03 -1.000 1.302e-02 1.571 3.918 3.003 1.973 1.354 0.862 0.140 -0.446 -0.526
0.013 -0.05655 9.95424 1.0478100777 2.4824007560    1.045  1.329  3.6706  2.763    3  0.000  0.448     0.00     0.00     0.00     0.00     0.00 -1 -1.01e-11      0.00 6.973e-01 2.897e-01 1.918e-03 1.039e-03 5.707e-03 -1.000 1.302e-02 1.449 3.842 2.904 1.864 1.239 0.742 0.011 -0.582 -0.663
0.013 -0.05655 9.95424 1.0480954647 2.4824543946    1.045  1.377  3.6682  2.705    3  0.000  0.448     0.00     0.00     0.00     0.00     0.00 -1  -1.2e-11      0.00 6.973e-01 2.897e-01 1.917e-03 1.040e-03 5.707e-03 -1.000 1.302e-02 1.328 3.770 2.809 1.758 1.126 0.624 -0.117 -0.717 -0.799
0.013 -0.05655 9.95424 1.0483571291 2.4825035451    1.046  1.425  3.6658  2.648    3  0.000  0.448     0.00     0.00     0.00     0.00     0.00 -1 -1.43e-11      0.00 6.973e-01 2.897e-01 1.917e-03 1.040e-03 5.707e-03 -1.000 1.302e-02 1.208 3.702 2.716 1.653 1.015 0.507 -0.243 -0.850 -0.935
0.013 -0.05655 9.95424 1.0486001968 2.4825491772    1.046  1.472  3.6634  2.591    3  0.000  0.448     0.00     0.00     0.00     0.00     0.00 -1  -1.7e-11      0.00 6.973e-01 2.897e-01 1.917e-03 1.040e-03 5.707e-03 -1.000 1.302e-02 1.091 3.636 2.625 1.551 0.905 0.392 -0.367 -0.982 -1.068
0.013 -0.05655 9.95424 1.0488297939 2.4825922580    1.046  1.516  3.6610  2.537    3  0.000  0.448     0.00     0.00     0.00     0.00     0.00 -1 -2.01e-11      0.00 6.973e-01 2.897e-01 1.917e-03 1.040e-03 5.707e-03 -1.000 1.302e-02 0.979 3.574 2.539 1.454 0.801 0.283 -0.486 -1.108 -1.196
0.013 -0.05655 9.95424 1.0491150618 2.4826457545    1.046  1.561  3.6587  2.483    3  0.000  0.448     0.00     0.00     0.00     0.00     0.00 -1 -2.38e-11      0.00 6.973e-01 2.897e-01 1.916e-03 1.041e-03 5.707e-03 -1.000 1.302e-02 0.866 3.518 2.455 1.357 0.697 0.173 -0.605 -1.235 -1.324
0.013 -0.05655 9.95424 1.0492047071 2.4826625588    1.046  1.570  3.6582  2.472    3  0.000  0.448     0.00     0.00     0.00     0.00     0.00 -1 -2.47e-11      0.00 6.973e-01 2.897e-01 1.916e-03 1.041e-03 5.707e-03 -1.000 1.302e-02 0.844 3.509 2.438 1.338 0.676 0.151 -0.629 -1.260 -1.349
0.013 -0.05655 9.95424 1.0493876934 2.4826968500    1.046  1.546  3.6600  2.504    3  0.000  0.448     0.00     0.00     0.00     0.00     0.00 -1 -2.27e-11      0.00 6.973e-01 2.897e-01 1.916e-03 1.041e-03 5.707e-03 -1.000 1.302e-02 0.906 3.523 2.477 1.387 0.732 0.211 -0.562 -1.188 -1.276
0.013 -0.05655 9.95424 1.0495170355 2.4827210801    1.046  1.502  3.6628  2.558    3  0.000  0.448     0.00     0.00     0.00     0.00     0.00 -1 -1.94e-11      0.00 6.973e-01 2.897e-01 1.916e-03 1.041e-03 5.707e-03 -1.000 1.302e-02 1.014 3.571 2.554 1.477 0.830 0.316 -0.446 -1.063 -1.149
0.013 -0.05655 9.95424 1.0495386124 2.4827251215    1.046  1.497  3.6631  2.565    3  0.000  0.448     0.00     0.00     0.00     0.00     0.00 -1 -1.88e-11      0.00 6.973e-01 2.897e-01 1.916e-03 1.041e-03 5.707e-03 -1.000 1.302e-02 1.027 3.576 2.564 1.488 0.842 0.328 -0.432 -1.047 -1.134
0.013 -0.05655 9.95424 1.0495685339 2.4827307256    1.046  1.505  3.6627  2.556    3  0.000  0.448     0.00     0.00     0.00     0.00     0.00 -1 -1.93e-11      0.00 6.973e-01 2.897e-01 1.916e-03 1.041e-03 5.707e-03 -1.000 1.302e-02 1.008 3.566 2.550 1.472 0.825 0.310 -0.452 -1.069 -1.155
0.013 -0.05655 9.95424 1.0497484207 2.4827644092    1.046  1.550  3.6602  2.500    3  0.000  0.448     0.00     0.00     0.00     0.00     0.00 -1 -2.26e-11      0.00 6.973e-01 2.897e-01 1.916e-03 1.042e-03 5.707e-03 -1.000 1.302e-02 0.895 3.507 2.464 1.375 0.720 0.200 -0.572 -1.197 -1.285
0.013 -0.05655 9.95424 1.0499283075 2.4827980795    1.046  1.596  3.6576  2.444    3  0.000  0.448     0.00     0.00     0.00     0.00     0.00 -1 -2.68e-11      0.00 6.973e-01 2.897e-01 1.916e-03 1.042e-03 5.707e-03 -1.000 1.302e-02 0.781 3.468 2.385 1.279 0.615 0.088 -0.694 -1.327 -1.417
0.013 -0.05655 9.95424 1.0501009226 2.4828303763    1.046  1.642  3.6549  2.387    3  0.000  0.447     0.00     0.00     0.00     0.00     0.00 -1 -3.19e-11      0.00 6.972e-01 2.897e-01 1.916e-03 1.042e-03 5.708e-03 -1.000 1.302e-02 0.664 3.431 2.306 1.182 0.508 -0.026 -0.819 -1.459 -1.551
0.013 -0.05655 9.95424 1.0502609015 2.4828602979    1.046  1.689  3.6522  2.330    3  0.000  0.447     0.00     0.00     0.00     0.00     0.00 -1 -3.79e-11      0.00 6.972e-01 2.897e-01 1.915e-03 1.042e-03 5.708e-03 -1.000 1.302e-02 0.548 3.395 2.228 1.085 0.401 -0.139 -0.943 -1.591 -1.684
0.013 -0.05655 9.95424 1.0504044294 2.4828871337    1.046  1.734  3.6494  2.274    3  0.000  0.447     0.00     0.00     0.00     0.00     0.00 -1 -4.48e-11      0.00 6.972e-01 2.897e-01 1.915e-03 1.043e-03 5.708e-03 -1.000 1.303e-02 0.436 3.363 2.153 0.993 0.299 -0.248 -1.063 -1.720 -1.814
0.013 -0.05655 9.95424 1.0505399704 2.4829124684    1.046  1.780  3.6466  2.216    3  0.000  0.447     0.00     0.00     0.00     0.00     0.00 -1 -5.32e-11      0.00 6.972e-01 2.897e-01 1.915e-03 1.043e-03 5.708e-03 -1.000 1.303e-02 0.321 3.336 2.080 0.900 0.195 -0.360 -1.186 -1.851 -1.948
0.013 -0.05655 9.95424 1.0506621599 2.4829353011    1.046  1.825  3.6438  2.160    3  0.000  0.447     0.00     0.00     0.00     0.00     0.00 -1  -6.3e-11      0.00 6.972e-01 2.897e-01 1.915e-03 1.043e-03 5.708e-03 -1.000 1.303e-02 0.209 3.310 2.009 0.810 0.094 -0.469 -1.306 -1.980 -2.079
0.013 -0.05655 9.95424 1.0507742167 2.4829562349    1.046  1.869  3.6410  2.104    3  0.000  0.447     0.00     0.00     0.00     0.00     0.00 -1 -7.45e-11      0.00 6.972e-01 2.897e-01 1.915e-03 1.043e-03 5.708e-03 -1.000 1.303e-02 0.097 3.285 1.939 0.721 -0.006 -0.576 -1.425 -2.108 -2.209
0.013 -0.05655 9.95424 1.0508782864 2.4829756721    1.046  1.914  3.6381  2.048    3  0.000  0.447     0.00     0.00     0.00     0.00     0.00 -1 -8.82e-11      0.00 6.972e-01 2.897e-01 1.915e-03 1.043e-03 5.708e-03 -1.000 1.303e-02 -0.015 3.264 1.871 0.634 -0.104 -0.684 -1.545 -2.237 -2.339
0.013 -0.05655 9.95424 1.0509723425 2.4829932352    1.045  1.958  3.6352  1.992    3  0.000  0.447     0.00     0.00     0.00     0.00     0.00 -1 -1.04e-10      0.00 6.972e-01 2.897e-01 1.915e-03 1.043e-03 5.708e-03 -1.000 1.303e-02 -0.125 3.244 1.806 0.550 -0.199 -0.788 -1.661 -2.362 -2.467
0.013 -0.05655 9.95424 1.0510597229 2.4830095485    1.045  2.002  3.6323  1.936    3  0.000  0.447     0.00     0.00     0.00     0.00     0.00 -1 -1.23e-10      0.00 6.972e-01 2.898e-01 1.915e-03 1.043e-03 5.708e-03 -1.000 1.303e-02 -0.235 3.197 1.741 0.461 -0.295 -0.892 -1.778 -2.483 -2.593
0.013 -0.05655 9.95424 1.0511382818 2.4830242123    1.045  2.045  3.6293  1.881    3  0.000  0.447     0.00     0.00     0.00     0.00     0.00 -1 -1.45e-10      0.00 6.972e-01 2.898e-01 1.915e-03 1.043e-03 5.708e-03 -1.000 1.303e-02 -0.343 3.153 1.679 0.375 -0.388 -0.993 -1.892 -2.600 -2.716
0.013 -0.05655 9.95424 1.0512109995 2.4830377835    1.045  2.089  3.6263  1.826    3  0.000  0.447     0.00     0.00     0.00     0.00     0.00 -1 -1.71e-10      0.00 6.972e-01 2.898e-01 1.914e-03 1.044e-03 5.708e-03 -1.000 1.303e-02 -0.452 3.105 1.617 0.291 -0.479 -1.094 -2.005 -2.718 -2.839
0.013 -0.05655 9.95424 1.0512777567 2.4830502403    1.044  2.132  3.6233  1.770    3  0.000  0.447     0.00     0.00     0.00     0.00     0.00 -1 -2.01e-10      0.00 6.972e-01 2.898e-01 1.914e-03 1.044e-03 5.708e-03 -1.000 1.303e-02 -0.560 3.056 1.554 0.207 -0.569 -1.193 -2.118 -2.836 -2.962
0.013 -0.05655 9.95424 1.0513389111 2.4830616501    1.044  2.175  3.6203  1.715    3  0.000  0.447     0.00     0.00     0.00     0.00     0.00 -1 -2.36e-10      0.00 6.972e-01 2.898e-01 1.914e-03 1.044e-03 5.708e-03 -1.000 1.303e-02 -0.666 3.006 1.492 0.124 -0.659 -1.291 -2.230 -2.952 -3.084
0.013 -0.05655 9.95424 1.0513960123 2.4830723024    1.044  2.218  3.6173  1.660    3  0.000  0.447     0.00     0.00     0.00     0.00     0.00 -1 -2.78e-10      0.00 6.972e-01 2.898e-01 1.914e-03 1.044e-03 5.708e-03 -1.000 1.303e-02 -0.774 2.953 1.429 0.043 -0.747 -1.390 -2.343 -3.069 -3.207
0.013 -0.05655 9.95424 1.0514470339 2.4830818193    1.043  2.259  3.6142  1.606    3  0.000  0.447     0.00     0.00     0.00     0.00     0.00 -1 -3.26e-10      0.00 6.972e-01 2.898e-01 1.914e-03 1.044e-03 5.708e-03 -1.000 1.303e-02 -0.878 2.904 1.370 -0.034 -0.831 -1.484 -2.451 -3.182 -3.327
0.013 -0.05655 9.95424 1.0514951944 2.4830908016    1.043  2.301  3.6111  1.551    3  0.000  0.447     0.00     0.00     0.00     0.00     0.00 -1 -3.83e-10      0.00 6.972e-01 2.898e-01 1.914e-03 1.044e-03 5.708e-03 -1.000 1.303e-02 -0.984 2.853 1.309 -0.113 -0.917 -1.579 -2.561 -3.297 -3.449
0.013 -0.05655 9.95424 1.0515397787 2.4830991160    1.042  2.344  3.6080  1.496    3  0.000  0.447     0.00     0.00     0.00     0.00     0.00 -1  -4.5e-10      0.00 6.972e-01 2.898e-01 1.914e-03 1.044e-03 5.708e-03 -1.000 1.303e-02 -1.089 2.805 1.250 -0.189 -1.000 -1.674 -2.672 -3.413 -3.571
0.013 -0.05655 9.95424 1.0515800714 2.4831066295    1.042  2.385  3.6048  1.442    3  0.000  0.447     0.00     0.00     0.00     0.00     0.00 -1 -5.27e-10      0.00 6.972e-01 2.898e-01 1.914e-03 1.044e-03 5.708e-03 -1.000 1.303e-02 -1.192 2.805 1.204 -0.254 -1.078 -1.768 -2.781 -3.532 -3.695
0.013 -0.05655 9.95424 1.0516177416 2.4831136532    1.041  2.426  3.6017  1.388    3  0.000  0.447     0.00     0.00     0.00     0.00     0.00 -1 -6.19e-10      0.00 6.972e-01 2.898e-01 1.914e-03 1.044e-03 5.708e-03 -1.000 1.303e-02 -1.296 2.806 1.157 -0.320 -1.158 -1.863 -2.892 -3.651 -3.819
0.013 -0.05655 9.95424 1.0516523123 2.4831200986    1.040  2.467  3.5985  1.334    3  0.000  0.447     0.00     0.00     0.00     0.00     0.00 -1 -7.24e-10      0.00 6.972e-01 2.898e-01 1.914e-03 1.044e-03 5.708e-03 -1.000 1.303e-02 -1.397 2.807 1.114 -0.380 -1.233 -1.956 -3.001 -3.769 -3.942
0.013 -0.05655 9.95424 1.0516839027 2.4831259879    1.040  2.507  3.5952  1.281    3  0.000  0.447    11.63     8.49     5.95     4.58     3.72  4 -8.46e-10      0.00 6.972e-01 2.898e-01 1.914e-03 1.044e-03 5.708e-03 -1.000 1.303e-02 -1.498 2.807 1.074 -0.435 -1.302 -2.048 -3.109 -3.887 -4.064
0.013 -0.05655 9.95424 1.0517133474 2.4831314769    1.039  2.547  3.5920  1.227    3  0.000  0.447    12.99     9.35     6.52     5.03     4.08  4 -9.88e-10      0.00 6.972e-01 2.898e-01 1.914e-03 1.044e-03 5.708e-03 -1.000 1.303e-02 -1.599 2.806 1.034 -0.492 -1.373 -2.139 -3.217 -4.003 -4.185
0.013 -0.05655 9.95424 1.0517402887 2.4831364988    1.038  2.587  3.5887  1.174    3  0.000  0.447    14.50    10.29     7.15     5.52     4.48  3 -1.15e-09      0.00 6.972e-01 2.898e-01 1.914e-03 1.044e-03 5.708e-03 -1.000 1.303e-02 -1.697 2.807 0.999 -0.542 -1.439 -2.228 -3.324 -4.118 -4.305
0.013 -0.05655 9.95424 1.0517653227 2.4831411649    1.037  2.626  3.5854  1.121    3  0.000  0.447    16.19    11.32     7.83     6.06     4.92  3 -1.34e-09      0.00 6.972e-01 2.898e-01 1.914e-03 1.044e-03 5.708e-03 -1.000 1.303e-02 -1.796 2.808 0.969 -0.585 -1.498 -2.315 -3.430 -4.234 -4.426
0.013 -0.05655 9.95424 1.0517886877 2.4831455198    1.036  2.666  3.5821  1.068    3  0.000  0.447    18.06    12.46     8.58     6.64     5.40  3 -1.57e-09      0.00 6.972e-01 2.898e-01 1.914e-03 1.044e-03 5.708e-03 -1.000 1.303e-02 -1.894 2.808 0.937 -0.630 -1.559 -2.402 -3.536 -4.348 -4.545
0.013 -0.05655 9.95424 1.0518103838 2.4831495633    1.035  2.704  3.5787  1.015    3  0.000  0.447    20.16    13.70     9.39     7.29     5.92  3 -1.82e-09      0.00 6.972e-01 2.898e-01 1.914e-03 1.044e-03 5.708e-03 -1.000 1.303e-02 -1.990 2.809 0.914 -0.666 -1.612 -2.487 -3.640 -4.462 -4.664
0.013 -0.05655 9.95424 1.0518348217 2.4831541177    1.033  2.751  3.5743  0.951    3  0.000  0.447    23.06    15.40    10.50     8.16     6.63  3 -2.19e-09      0.00 6.972e-01 2.898e-01 1.914e-03 1.044e-03 5.708e-03 -1.000 1.303e-02 -2.107 2.814 0.897 -0.692 -1.664 -2.587 -3.769 -4.601 -4.810
0.013 -0.05655 9.95424 1.0518573523 2.4831583164    1.032  2.797  3.5700  0.886    3  0.000  0.447    26.36    17.29    11.73     9.13     7.42  3 -2.63e-09      0.00 6.972e-01 2.898e-01 1.914e-03 1.044e-03 5.708e-03 -1.000 1.303e-02 -2.223 2.822 0.884 -0.717 -1.714 -2.686 -3.896 -4.738 -4.955
0.013 -0.05655 9.95424 1.0518782139 2.4831622038    1.030  2.843  3.5656  0.822    3  0.000  0.447    30.13    19.42    13.11    10.22     8.31  2 -3.17e-09      0.00 6.972e-01 2.898e-01 1.914e-03 1.044e-03 5.708e-03 -1.000 1.303e-02 -2.339 2.822 0.884 -0.718 -1.746 -2.780 -4.025 -4.876 -5.099
0.013 -0.05655 9.95424 1.0518972874 2.4831657579    1.028  2.889  3.5612  0.758    3  0.000  0.447    34.39    21.78    14.62    11.43     9.29  2  -3.8e-09      0.00 6.972e-01 2.898e-01 1.914e-03 1.044e-03 5.708e-03 -1.000 1.303e-02 -2.452 2.824 0.886 -0.718 -1.778 -2.873 -4.152 -5.011 -5.242
0.013 -0.05655 9.95424 1.0519149303 2.4831690453    1.026  2.934  3.5568  0.694    3  0.000  0.447    39.26    24.44    16.32    12.77    10.39  2 -4.55e-09      0.00 6.972e-01 2.898e-01 1.914e-03 1.044e-03 5.708e-03 -1.000 1.303e-02 -2.565 2.825 0.905 -0.694 -1.792 -2.958 -4.277 -5.146 -5.384
0.013 -0.05655 9.95424 1.0519311428 2.4831720661    1.023  2.978  3.5522  0.630    3  0.000  0.447    44.81    27.40    18.20    14.28    11.62  2 -5.46e-09      0.00 6.972e-01 2.898e-01 1.914e-03 1.045e-03 5.708e-03 -1.000 1.303e-02 -2.676 2.827 0.935 -0.657 -1.798 -3.039 -4.401 -5.279 -5.525
0.013 -0.05655 9.95424 1.0519460440 2.4831748424    1.020  3.021  3.5475  0.568    3  0.000  0.447    51.01    30.66    20.27    15.92    12.96  2  -6.5e-09      0.00 6.972e-01 2.898e-01 1.914e-03 1.045e-03 5.708e-03 -1.000 1.303e-02 -2.783 2.831 0.980 -0.599 -1.788 -3.108 -4.523 -5.409 -5.662
0.013 -0.05655 9.95424 1.0519596338 2.4831773744    1.017  3.063  3.5430  0.506    3  0.000  0.447    57.97    34.26    22.53    17.73    14.43  2 -7.74e-09      0.00 6.972e-01 2.898e-01 1.914e-03 1.045e-03 5.708e-03 -1.000 1.303e-02 -2.888 2.833 1.036 -0.525 -1.769 -3.170 -4.643 -5.537 -5.798
0.013 -0.05655 9.95424 1.0519725084 2.4831797730    1.014  3.105  3.5383  0.444    3  0.000  0.447    65.95    38.31    25.06    19.76    16.09  2 -9.22e-09      0.00 6.972e-01 2.898e-01 1.914e-03 1.045e-03 5.708e-03 -1.000 1.303e-02 -2.994 2.838 1.111 -0.430 -1.737 -3.226 -4.764 -5.664 -5.934
0.013 -0.05655 9.95424 1.0519843102 2.4831819716    1.010  3.147  3.5336  0.382    3  0.000  0.447    74.91    42.77    27.84    21.98    17.91  2  -1.1e-08      0.00 6.972e-01 2.898e-01 1.914e-03 1.045e-03 5.708e-03 -1.000 1.303e-02 -3.096 2.842 1.204 -0.313 -1.692 -3.267 -4.883 -5.789 -6.068
0.013 -0.05655 9.95424 1.0519955158 2.4831840592    1.006  3.188  3.5287  0.320    3  0.000  0.447    85.22    47.82    30.97    24.50    19.96  1  -1.3e-08      0.00 6.972e-01 2.898e-01 1.914e-03 1.045e-03 5.708e-03 -1.000 1.303e-02 -3.199 2.848 1.310 -0.178 -1.636 -3.299 -5.002 -5.915 -6.202
0.013 -0.05655 9.95424 1.0520057678 2.4831859691    1.002  3.228  3.5239  0.259    3  0.000  0.447    96.77    53.36    34.39    27.25    22.21  1 -1.55e-08      0.00 6.972e-01 2.898e-01 1.914e-03 1.045e-03 5.708e-03 -1.000 1.303e-02 -3.299 2.855 1.445 -0.008 -1.560 -3.304 -5.119 -6.036 -6.334
0.013 -0.05655 9.95424 1.0520153046 2.4831877457    0.997  3.267  3.5191  0.198    3  0.000  0.447   109.69    59.46    38.12    30.27    24.67  1 -1.82e-08      0.00 6.972e-01 2.898e-01 1.914e-03 1.045e-03 5.708e-03 -1.000 1.303e-02 -3.397 2.864 1.591 0.176 -1.475 -3.299 -5.233 -6.155 -6.463
0.013 -0.05655 9.95424 1.0520244837 2.4831894556    0.991  3.306  3.5141  0.137    3  0.000  0.447   124.58    66.35    42.33    33.67    27.44  0 -2.15e-08      0.00 6.972e-01 2.898e-01 1.914e-03 1.045e-03 5.708e-03 -1.000 1.303e-02 -3.495 2.875 1.774 0.415 -1.357 -3.257 -5.347 -6.274 -6.592
0.013 -0.05655 9.95424 1.0520328283 2.4831910100    0.985  3.344  3.5093  0.077    3  0.000  0.447   140.92    73.78    46.83    37.32    30.43  0 -2.52e-08      0.00 6.972e-01 2.898e-01 1.914e-03 1.045e-03 5.708e-03 -1.000 1.303e-02 -3.589 2.883 1.945 0.638 -1.247 -3.217 -5.457 -6.389 -6.717
0.013 -0.05655 9.95424 1.0520410538 2.4831925422    0.978  3.381  3.5044  0.018    3  0.000  0.447   159.39    82.01    51.80    41.35    33.72  0 -2.95e-08      0.00 6.972e-01 2.898e-01 1.914e-03 1.045e-03 5.708e-03 -1.000 1.303e-02 -3.681 2.887 2.099 0.839 -1.148 -3.173 -5.566 -6.501 -6.839
0.013 -0.05655 9.95424 1.0520457029 2.4831934082    0.974  3.400  3.5020 -0.013    3  0.000  0.447   169.60    86.63    54.58    43.61    35.57  0 -3.22e-08      0.00 6.972e-01 2.898e-01 1.914e-03 1.045e-03 5.708e-03 -1.000 1.303e-02 -3.729 2.891 2.185 0.950 -1.092 -3.146 -5.622 -6.560 -6.902
0.013 -0.05655 9.95424 1.0520457029 2.4831934082    0.974  1.693  3.6715  2.372    4  0.000  0.468     0.00     0.00     0.00     0.00     0.00 -1    -1e-30      0.00 7.000e-01 2.870e-01 1.997e-03 9.327e-04 5.685e-03 -1.000 1.298e-02 0.538 2.925 1.991 0.938 0.325 -0.170 -0.900 -1.484 -1.565
0.013 -0.05655 9.95424 1.0521430969 2.4832115482    0.974  1.701  3.6709  2.361    4  0.000  0.468     0.00     0.00     0.00     0.00     0.00 -1    -1e-30      0.00 7.000e-01 2.870e-01 1.997e-03 9.329e-04 5.686e-03 -1.000 1.298e-02 0.518 2.920 1.978 0.921 0.306 -0.190 -0.922 -1.508 -1.589
0.013 -0.05655 9.95424 1.0522413254 2.4832298396    0.974  1.705  3.6707  2.357    4  0.000  0.468     0.00     0.00     0.00     0.00     0.00 -1    -1e-30      0.00 7.000e-01 2.870e-01 1.997e-03 9.330e-04 5.686e-03 -1.000 1.298e-02 0.508 2.915 1.971 0.913 0.297 -0.199 -0.932 -1.518 -1.600
0.013 -0.05655 9.95424 1.0523393154 2.4832480828    0.974  1.705  3.6709  2.358    4  0.000  0.468     0.00     0.00     0.00     0.00     0.00 -1    -1e-30      0.00 7.000e-01 2.870e-01 1.997e-03 9.332e-04 5.686e-03 -1.000 1.298e-02 0.508 2.911 1.969 0.911 0.296 -0.199 -0.932 -1.517 -1.599
0.013 -0.05655 9.95424 1.0524411201 2.4832670320    0.974  1.703  3.6713  2.361    4  0.000  0.468     0.00     0.00     0.00     0.00     0.00 -1    -1e-30      0.00 7.000e-01 2.871e-01 1.997e-03 9.333e-04 5.686e-03 -1.000 1.298e-02 0.513 2.906 1.969 0.913 0.300 -0.195 -0.926 -1.510 -1.591
0.013 -0.05655 9.95424 1.0525422096 2.4832858439    0.975  1.700  3.6718  2.366    4  0.000  0.468     0.00     0.00     0.00     0.00     0.00 -1    -1e-30      0.00 7.000e-01 2.871e-01 1.997e-03 9.335e-04 5.686e-03 -1.000 1.298e-02 0.519 2.901 1.970 0.917 0.305 -0.189 -0.918 -1.501 -1.582
0.013 -0.05655 9.95424 1.0526415110 2.4833043190    0.975  1.698  3.6723  2.370    4  0.000  0.468     0.00     0.00     0.00     0.00     0.00 -1    -1e-30      0.00 7.000e-01 2.871e-01 1.997e-03 9.336e-04 5.686e-03 -1.000 1.298e-02 0.526 2.895 1.970 0.920 0.310 -0.183 -0.910 -1.491 -1.572
0.013 -0.05655 9.95424 1.0527461767 2.4833237878    0.975  1.695  3.6729  2.375    4  0.000  0.468     0.00     0.00     0.00     0.00     0.00 -1    -1e-30      0.00 7.000e-01 2.871e-01 1.996e-03 9.338e-04 5.686e-03 -1.000 1.298e-02 0.532 2.889 1.971 0.924 0.315 -0.176 -0.901 -1.481 -1.561
0.013 -0.05655 9.95424 1.0528562069 2.4833442497    0.975  1.692  3.6734  2.380    4  0.000  0.468     0.00     0.00     0.00     0.00     0.00 -1    -1e-30      0.00 6.999e-01 2.871e-01 1.996e-03 9.340e-04 5.686e-03 -1.000 1.298e-02 0.539 2.883 1.972 0.928 0.321 -0.169 -0.892 -1.471 -1.551
0.013 -0.05655 9.95424 1.0529568195 2.4833629559    0.975  1.690  3.6739  2.385    4  0.000  0.468     0.00     0.00     0.00     0.00     0.00 -1    -1e-30      0.00 6.999e-01 2.871e-01 1.996e-03 9.341e-04 5.686e-03 -1.000 1.298e-02 0.545 2.878 1.973 0.931 0.325 -0.164 -0.885 -1.462 -1.542
0.013 -0.05655 9.95424 1.0530644655 2.4833829652    0.975  1.688  3.6743  2.388    4  0.000  0.468     0.00     0.00     0.00     0.00     0.00 -1    -1e-30      0.00 6.999e-01 2.871e-01 1.996e-03 9.343e-04 5.686e-03 -1.000 1.298e-02 0.550 2.873 1.973 0.934 0.330 -0.159 -0.879 -1.454 -1.534
0.013 -0.05655 9.95424 1.0531721115 2.4834029698    0.975  1.686  3.6747  2.392    4  0.000  0.468     0.00     0.00     0.00     0.00     0.00 -1    -1e-30      0.00 6.999e-01 2.871e-01 1.996e-03 9.345e-04 5.686e-03 -1.000 1.298e-02 0.555 2.869 1.973 0.936 0.333 -0.155 -0.873 -1.448 -1.527
0.013 -0.05655 9.95424 1.0532782078 2.4834226818    0.975  1.685  3.6750  2.395    4  0.000  0.468     0.00     0.00     0.00     0.00     0.00 -1    -1e-30      0.00 6.999e-01 2.871e-01 1.996e-03 9.346e-04 5.686e-03 -1.000 1.298e-02 0.558 2.864 1.973 0.937 0.336 -0.151 -0.868 -1.442 -1.521
0.013 -0.05655 9.95424 1.0533823967 2.4834420350    0.976  1.683  3.6753  2.397    4  0.000  0.468     0.00     0.00     0.00     0.00     0.00 -1    -1e-30      0.00 6.999e-01 2.871e-01 1.996e-03 9.348e-04 5.686e-03 -1.000 1.298e-02 0.562 2.860 1.973 0.939 0.338 -0.148 -0.864 -1.437 -1.516
0.013 -0.05655 9.95424 1.0534284115 2.4834505809    0.976  1.683  3.6755  2.398    4  0.000  0.468     0.00     0.00     0.00     0.00     0.00 -1    -1e-30      0.00 6.999e-01 2.871e-01 1.996e-03 9.349e-04 5.686e-03 -1.000 1.298e-02 0.563 2.858 1.973 0.939 0.339 -0.147 -0.863 -1.435 -1.513
0.013 -0.05655 9.95424 1.0534849167 2.4834610739    0.976  1.682  3.6756  2.399    4  0.000  0.468     0.00     0.00     0.00     0.00     0.00 -1    -1e-30      0.00 6.999e-01 2.871e-01 1.996e-03 9.349e-04 5.686e-03 -1.000 1.298e-02 0.564 2.856 1.972 0.940 0.340 -0.146 -0.861 -1.433 -1.511
0.013 -0.05655 9.95424 1.0535843372 2.4834795331    0.976  1.682  3.6758  2.401    4  0.000  0.468     0.00     0.00     0.00     0.00     0.00 -1    -1e-30      0.00 6.999e-01 2.871e-01 1.996e-03 9.351e-04 5.686e-03 -1.000 1.298e-02 0.566 2.852 1.971 0.940 0.341 -0.144 -0.858 -1.429 -1.508
0.013 -0.05655 9.95424 1.0536921024 2.4834995372    0.976  1.681  3.6760  2.402    4  0.000  0.468     0.00     0.00     0.00     0.00     0.00 -1    -1e-30      0.00 6.999e-01 2.871e-01 1.995e-03 9.353e-04 5.686e-03 -1.000 1.298e-02 0.567 2.849 1.971 0.940 0.342 -0.143 -0.856 -1.427 -1.505
0.013 -0.05655 9.95424 1.0537953377 2.4835186959    0.976  1.681  3.6762  2.403    4  0.000  0.468     0.00     0.00     0.00     0.00     0.00 -1    -1e-30      0.00 6.999e-01 2.871e-01 1.995e-03 9.354e-04 5.686e-03 -1.000 1.298e-02 0.568 2.846 1.969 0.940 0.342 -0.143 -0.855 -1.425 -1.504
0.013 -0.05655 9.95424 1.0539031029 2.4835386908    0.976  1.681  3.6763  2.404    4  0.000  0.468     0.00     0.00     0.00     0.00     0.00 -1    -1e-30      0.00 6.999e-01 2.871e-01 1.995e-03 9.356e-04 5.686e-03 -1.000 1.298e-02 0.567 2.843 1.968 0.938 0.341 -0.143 -0.856 -1.425 -1.503
0.013 -0.05655 9.95424 1.0540040731 2.4835574206    0.976  1.682  3.6763  2.403    4  0.000  0.468     0.00     0.00     0.00     0.00     0.00 -1    -1e-30      0.00 6.999e-01 2.871e-01 1.995e-03 9.357e-04 5.686e-03 -1.000 1.298e-02 0.566 2.841 1.966 0.937 0.339 -0.145 -0.857 -1.426 -1.505
0.013 -0.05655 9.95424 1.0541075468 2.4835766105    0.976  1.683  3.6763  2.402    4  0.000  0.468     0.00     0.00     0.00     0.00     0.00 -1    -1e-30      0.00 6.999e-01 2.871e-01 1.995e-03 9.359e-04 5.686e-03 -1.000 1.298e-02 0.563 2.839 1.963 0.934 0.337 -0.148 -0.860 -1.429 -1.507
0.013 -0.05655 9.95424 1.0541515350 2.4835847671    0.977  1.683  3.6763  2.402    4  0.000  0.468     0.00     0.00     0.00     0.00     0.00 -1    -1e-30      0.00 6.999e-01 2.871e-01 1.995e-03 9.360e-04 5.686e-03 -1.000 1.298e-02 0.562 2.838 1.962 0.933 0.335 -0.149 -0.861 -1.431 -1.509
0.013 -0.05655 9.95424 1.0541988611 2.4835935418    0.977  1.684  3.6763  2.401    4  0.000  0.468     0.00     0.00     0.00     0.00     0.00 -1    -1e-30      0.00 6.999e-01 2.871e-01 1.995e-03 9.360e-04 5.686e-03 -1.000 1.298e-02 0.560 2.837 1.961 0.931 0.334 -0.151 -0.863 -1.433 -1.511
0.013 -0.05655 9.95424 1.0542968512 2.4836117071    0.977  1.686  3.6761  2.398    4  0.000  0.468     0.00     0.00     0.00     0.00     0.00 -1    -1e-30      0.00 6.999e-01 2.871e-01 1.995e-03 9.362e-04 5.686e-03 -1.000 1.298e-02 0.555 2.835 1.958 0.927 0.329 -0.156 -0.868 -1.438 -1.517
0.013 -0.05655 9.95424 1.0543944836 2.4836298023    0.977  1.689  3.6760  2.395    4  0.000  0.468     0.00     0.00     0.00     0.00     0.00 -1    -1e-30      0.00 6.999e-01 2.871e-01 1.995e-03 9.363e-04 5.686e-03 -1.000 1.298e-02 0.549 2.834 1.954 0.922 0.323 -0.162 -0.875 -1.446 -1.524
0.013 -0.05655 9.95424 1.0544984341 2.4836490643    0.977  1.692  3.6757  2.391    4  0.000  0.468     0.00     0.00     0.00     0.00     0.00 -1    -1e-30      0.00 6.999e-01 2.871e-01 1.995e-03 9.365e-04 5.687e-03 -1.000 1.298e-02 0.541 2.833 1.949 0.915 0.316 -0.170 -0.884 -1.456 -1.534
0.013 -0.05655 9.95424 1.0546034575 2.4836685206    0.977  1.696  3.6753  2.385    4  0.000  0.468     0.00     0.00     0.00     0.00     0.00 -1    -1e-30      0.00 6.999e-01 2.871e-01 1.994e-03 9.367e-04 5.687e-03 -1.000 1.298e-02 0.531 2.832 1.943 0.908 0.307 -0.180 -0.895 -1.468 -1.547
0.013 -0.05655 9.95424 1.0547015667 2.4836866919    0.977  1.700  3.6749  2.379    4  0.000  0.468     0.00     0.00     0.00     0.00     0.00 -1    -1e-30      0.00 6.999e-01 2.872e-01 1.994e-03 9.368e-04 5.687e-03 -1.000 1.299e-02 0.519 2.831 1.937 0.899 0.296 -0.191 -0.908 -1.482 -1.561
0.013 -0.05655 9.95424 1.0548014641 2.4837051905    0.977  1.706  3.6744  2.372    4  0.000  0.468     0.00     0.00     0.00     0.00     0.00 -1    -1e-30      0.00 6.999e-01 2.872e-01 1.994e-03 9.370e-04 5.687e-03 -1.000 1.299e-02 0.505 2.831 1.929 0.888 0.284 -0.204 -0.924 -1.499 -1.578
0.013 -0.05655 9.95424 1.0548993349 2.4837233099    0.977  1.712  3.6738  2.363    4  0.000  0.468     0.00     0.00     0.00     0.00     0.00 -1    -1e-30      0.00 6.999e-01 2.872e-01 1.994e-03 9.371e-04 5.687e-03 -1.000 1.299e-02 0.490 2.830 1.920 0.876 0.270 -0.219 -0.941 -1.517 -1.597
0.013 -0.05655 9.95424 1.0549994707 2.4837418447    0.978  1.719  3.6731  2.353    4  0.000  0.467     0.00     0.00     0.00     0.00     0.00 -1    -1e-30      0.00 6.998e-01 2.872e-01 1.994e-03 9.373e-04 5.687e-03 -1.000 1.299e-02 0.472 2.829 1.910 0.862 0.254 -0.238 -0.962 -1.541 -1.621
0.013 -0.05655 9.95424 1.0551061630 2.4837615885    0.978  1.728  3.6723  2.341    4  0.000  0.467     0.00     0.00     0.00     0.00     0.00 -1    -1e-30      0.00 6.998e-01 2.872e-01 1.994e-03 9.374e-04 5.687e-03 -1.000 1.299e-02 0.450 2.828 1.898 0.845 0.234 -0.259 -0.986 -1.567 -1.648
0.013 -0.05655 9.95424 1.0551928282 2.4837776229    0.978  1.727  3.6724  2.343    4  0.000  0.467     0.00     0.00     0.00     0.00     0.00 -1    -1e-30      0.00 6.998e-01 2.872e-01 1.994e-03 9.376e-04 5.687e-03 -1.000 1.299e-02 0.453 2.828 1.899 0.847 0.236 -0.256 -0.983 -1.564 -1.644
0.013 -0.05655 9.95424 1.0552951097 2.4837965427    0.978  1.743  3.6708  2.320    4  0.000  0.467     0.00     0.00     0.00     0.00     0.00 -1    -1e-30      0.00 6.998e-01 2.872e-01 1.994e-03 9.377e-04 5.687e-03 -1.000 1.299e-02 0.412 2.826 1.877 0.815 0.200 -0.296 -1.029 -1.614 -1.695
0.013 -0.05655 9.95424 1.0553945303 2.4838149292    0.978  1.779  3.6674  2.271    4  0.000  0.467     0.00     0.00     0.00     0.00     0.00 -1    -1e-30      0.00 6.998e-01 2.872e-01 1.994e-03 9.379e-04 5.687e-03 -1.000 1.299e-02 0.323 2.825 1.829 0.747 0.120 -0.383 -1.128 -1.724 -1.807
0.013 -0.05655 9.95424 1.0554519892 2.4838255536    0.978  1.818  3.6638  2.218    4  0.000  0.467     0.00     0.00     0.00     0.00     0.00 -1    -1e-30      0.00 6.998e-01 2.872e-01 1.993e-03 9.380e-04 5.687e-03 -1.000 1.299e-02 0.226 2.825 1.777 0.674 0.035 -0.477 -1.237 -1.843 -1.928
0.013 -0.05655 9.95424 1.0554810762 2.4838309314    0.978  1.857  3.6601  2.163    4  0.000  0.467     0.00     0.00     0.00     0.00     0.00 -1    -1e-30      0.00 6.998e-01 2.872e-01 1.993e-03 9.380e-04 5.687e-03 -1.000 1.299e-02 0.127 2.823 1.724 0.599 -0.053 -0.573 -1.347 -1.964 -2.052
0.013 -0.05655 9.95424 1.0554964542 2.4838337745    0.978  1.897  3.6565  2.110    4  0.000  0.467     0.00     0.00     0.00     0.00     0.00 -1    -1e-30      0.00 6.998e-01 2.872e-01 1.993e-03 9.380e-04 5.687e-03 -1.000 1.299e-02 0.028 2.826 1.674 0.527 -0.139 -0.667 -1.455 -2.084 -2.174
0.013 -0.05655 9.95424 1.0555043221 2.4838352290    0.978  1.935  3.6530  2.057    4  0.000  0.467     0.00     0.00     0.00     0.00     0.00 -1    -1e-30      0.00 6.998e-01 2.872e-01 1.993e-03 9.381e-04 5.687e-03 -1.000 1.299e-02 -0.068 2.830 1.625 0.457 -0.222 -0.759 -1.561 -2.201 -2.293
0.013 -0.05655 9.95424 1.0555088520 2.4838360665    0.978  1.974  3.6494  2.004    4  0.000  0.467     0.00     0.00     0.00     0.00     0.00 -1    -1e-30      0.00 6.998e-01 2.872e-01 1.993e-03 9.381e-04 5.687e-03 -1.000 1.299e-02 -0.166 2.834 1.575 0.384 -0.308 -0.853 -1.670 -2.320 -2.415
0.013 -0.05655 9.95424 1.0555115938 2.4838365734    0.978  2.014  3.6459  1.950    4  0.000  0.467     0.00     0.00     0.00     0.00     0.00 -1    -1e-30      0.00 6.998e-01 2.872e-01 1.993e-03 9.381e-04 5.687e-03 -1.000 1.299e-02 -0.265 2.820 1.528 0.312 -0.392 -0.946 -1.777 -2.434 -2.534
0.013 -0.05655 9.95424 1.0555133820 2.4838369039    0.978  2.050  3.6427  1.902    4  0.000  0.467     0.00     0.00     0.00     0.00     0.00 -1    -1e-30      0.00 6.998e-01 2.872e-01 1.993e-03 9.381e-04 5.687e-03 -1.000 1.299e-02 -0.354 2.803 1.485 0.245 -0.468 -1.029 -1.873 -2.536 -2.640
0.013 -0.05655 9.95424 1.0555135012 2.4838369260    0.978  2.052  3.6425  1.899    7  0.000  0.467     0.00     0.00     0.00     0.00     0.00 -1 -3.67e-26      0.00 6.998e-01 2.869e-01 1.993e-03 9.381e-04 5.687e-03 -1.000 1.328e-02 -0.360 2.802 1.483 0.241 -0.472 -1.034 -1.879 -2.542 -2.646
0.013 -0.05655 9.95424 1.0555143356 2.4838370802    0.978  2.073  3.6407  1.870    7  0.000  0.467     0.00     0.00     0.00     0.00     0.00 -1 -3.75e-26      0.00 6.998e-01 2.869e-01 1.993e-03 9.381e-04 5.687e-03 -1.000 1.328e-02 -0.412 2.791 1.457 0.202 -0.517 -1.083 -1.936 -2.602 -2.709
0.013 -0.05655 9.95424 1.0555160046 2.4838373888    0.978  2.115  3.6371  1.814    7  0.000  0.467     0.00     0.00     0.00     0.00     0.00 -1 -3.91e-26      0.00 6.998e-01 2.869e-01 1.993e-03 9.381e-04 5.687e-03 -1.000 1.328e-02 -0.517 2.766 1.405 0.124 -0.604 -1.180 -2.048 -2.721 -2.833
0.013 -0.05655 9.95424 1.0555177927 2.4838377193    0.978  2.143  3.6347  1.776    7  0.000  0.467     0.00     0.00     0.00     0.00     0.00 -1 -3.99e-26      0.00 6.998e-01 2.869e-01 1.993e-03 9.381e-04 5.687e-03 -1.000 1.328e-02 -0.587 2.749 1.370 0.073 -0.662 -1.244 -2.123 -2.800 -2.916
0.013 -0.05655 9.95424 1.0555224419 2.4838385788    0.978  2.140  3.6350  1.781    7  0.000  0.467     0.00     0.00     0.00     0.00     0.00 -1 -3.98e-26      0.00 6.998e-01 2.869e-01 1.993e-03 9.381e-04 5.687e-03 -1.000 1.328e-02 -0.580 2.749 1.373 0.078 -0.656 -1.238 -2.115 -2.791 -2.907
0.013 -0.05655 9.95424 1.0555275679 2.4838395264    0.978  2.114  3.6372  1.815    7  0.000  0.467     0.00     0.00     0.00     0.00     0.00 -1 -5.46e-26      0.00 6.998e-01 2.869e-01 1.993e-03 9.381e-04 5.687e-03 -1.000 1.329e-02 -0.516 2.765 1.405 0.124 -0.603 -1.179 -2.046 -2.719 -2.831
0.013 -0.05655 9.95424 1.0555750132 2.4838482969    0.978  2.108  3.6378  1.824    7  0.000  0.467     0.00     0.00     0.00     0.00     0.00 -1 -7.32e-16      0.00 6.998e-01 2.862e-01 1.993e-03 9.382e-04 5.687e-03 -1.000 1.395e-02 -0.499 2.769 1.413 0.137 -0.589 -1.163 -2.028 -2.700 -2.811
0.013 -0.05655 9.95424 1.0556261539 2.4838577494    0.977  2.141  3.6348  1.778    7  0.000  0.467     0.00     0.00     0.00     0.00     0.00 -1 -5.51e-10      0.00 6.998e-01 2.859e-01 1.993e-03 9.382e-04 5.687e-03 -1.000 1.432e-02 -0.582 2.751 1.373 0.077 -0.657 -1.240 -2.117 -2.794 -2.910
0.013 -0.05655 9.95424 1.0556585789 2.4838637420    0.976  2.175  3.6318  1.731    7  0.000  0.467     0.00     0.00     0.00     0.00     0.00 -1 -9.19e-10      0.00 6.998e-01 2.859e-01 1.993e-03 9.383e-04 5.687e-03 -1.000 1.433e-02 -0.668 2.730 1.332 0.014 -0.728 -1.318 -2.209 -2.891 -3.012
0.013 -0.05655 9.95424 1.0556904078 2.4838696241    0.975  2.213  3.6284  1.680    7  0.000  0.467     0.00     0.00     0.00     0.00     0.00 -1 -1.12e-09      0.00 6.998e-01 2.859e-01 1.993e-03 9.383e-04 5.687e-03 -1.000 1.433e-02 -0.763 2.703 1.284 -0.055 -0.805 -1.405 -2.310 -2.999 -3.126
0.013 -0.05655 9.95424 1.0557208061 2.4838752415    0.974  2.255  3.6248  1.623    7  0.000  0.467     0.00     0.00     0.00     0.00     0.00 -1  -1.4e-09      0.00 6.998e-01 2.859e-01 1.993e-03 9.384e-04 5.687e-03 -1.000 1.433e-02 -0.867 2.670 1.231 -0.130 -0.889 -1.499 -2.421 -3.116 -3.249
0.013 -0.05655 9.95424 1.0557472706 2.4838801316    0.973  2.295  3.6213  1.568    7  0.000  0.467     0.00     0.00     0.00     0.00     0.00 -1 -1.72e-09      0.00 6.998e-01 2.859e-01 1.993e-03 9.384e-04 5.687e-03 -1.000 1.433e-02 -0.968 2.637 1.180 -0.203 -0.970 -1.590 -2.528 -3.229 -3.369
0.013 -0.05655 9.95424 1.0557709932 2.4838845148    0.971  2.336  3.6178  1.512    7  0.000  0.467     0.00     0.00     0.00     0.00     0.00 -1 -2.12e-09      0.00 6.998e-01 2.859e-01 1.993e-03 9.385e-04 5.687e-03 -1.000 1.433e-02 -1.070 2.603 1.128 -0.274 -1.050 -1.681 -2.635 -3.343 -3.490
0.013 -0.05655 9.95424 1.0557920933 2.4838884133    0.970  2.377  3.6142  1.457    7  0.000  0.467     0.00     0.00     0.00     0.00     0.00 -1  -2.6e-09      0.00 6.998e-01 2.859e-01 1.993e-03 9.385e-04 5.687e-03 -1.000 1.433e-02 -1.172 2.604 1.084 -0.340 -1.128 -1.774 -2.745 -3.462 -3.615
0.013 -0.05655 9.95424 1.0558108091 2.4838918711    0.968  2.418  3.6107  1.401    7  0.000  0.467     0.00     0.00     0.00     0.00     0.00 -1 -3.19e-09      0.00 6.998e-01 2.859e-01 1.993e-03 9.385e-04 5.687e-03 -1.000 1.433e-02 -1.274 2.618 1.042 -0.404 -1.207 -1.867 -2.854 -3.582 -3.739
0.013 -0.05655 9.95424 1.0558274984 2.4838949543    0.967  2.458  3.6071  1.346    7  0.000  0.467     0.00     0.00     0.00     0.00     0.00 -1 -3.92e-09      0.00 6.998e-01 2.859e-01 1.993e-03 9.386e-04 5.687e-03 -1.000 1.433e-02 -1.375 2.631 1.003 -0.463 -1.281 -1.959 -2.964 -3.702 -3.864
0.013 -0.05655 9.95424 1.0558427572 2.4838977732    0.965  2.499  3.6035  1.290    7  0.000  0.467     0.00     0.00     0.00     0.00     0.00 -1 -4.82e-09      0.00 6.998e-01 2.859e-01 1.993e-03 9.386e-04 5.687e-03 -1.000 1.433e-02 -1.477 2.645 0.965 -0.522 -1.355 -2.051 -3.073 -3.822 -3.989
0.013 -0.05655 9.95424 1.0558567047 2.4839003498    0.962  2.539  3.5996  1.233    7  0.000  0.467    12.52     9.08     6.33     4.89     3.97  3 -5.92e-09      0.00 6.998e-01 2.859e-01 1.992e-03 9.388e-04 5.687e-03 -1.000 1.432e-02 -1.578 2.668 0.934 -0.575 -1.426 -2.141 -3.182 -3.942 -4.115
0.013 -0.05655 9.95424 1.0558700562 2.4839028162    0.960  2.580  3.5944  1.170    7  0.000  0.467    14.26    10.16     7.05     5.46     4.43  3 -7.27e-09      0.00 6.998e-01 2.859e-01 1.991e-03 9.399e-04 5.687e-03 -1.000 1.427e-02 -1.680 2.712 0.925 -0.606 -1.479 -2.228 -3.296 -4.071 -4.251
0.013 -0.05655 9.95424 1.0558824539 2.4839051063    0.957  2.620  3.5877  1.102    7  0.000  0.466    16.44    11.49     7.92     6.15     4.99  3 -8.84e-09      0.00 6.998e-01 2.859e-01 1.988e-03 9.422e-04 5.687e-03 -1.000 1.426e-02 -1.780 2.793 0.948 -0.608 -1.511 -2.307 -3.410 -4.205 -4.395
0.013 -0.05655 9.95424 1.0558944941 2.4839073304    0.953  2.661  3.5836  1.042    7  0.000  0.465    18.58    12.77     8.77     6.82     5.53  3 -1.08e-08      0.00 6.998e-01 2.860e-01 1.983e-03 9.475e-04 5.687e-03 -1.000 1.423e-02 -1.882 2.809 0.928 -0.643 -1.566 -2.396 -3.522 -4.328 -4.524
0.013 -0.05655 9.95424 1.0559059381 2.4839094442    0.949  2.702  3.5795  0.983    7  0.000  0.463    20.99    14.19     9.70     7.55     6.13  3 -1.33e-08      0.00 6.998e-01 2.860e-01 1.976e-03 9.549e-04 5.687e-03 -1.000 1.423e-02 -1.984 2.825 0.910 -0.677 -1.620 -2.484 -3.633 -4.451 -4.653
0.013 -0.05655 9.95424 1.0559166670 2.4839114259    0.944  2.743  3.5753  0.923    7  0.000  0.461    23.78    15.80    10.74     8.38     6.80  3 -1.62e-08      0.00 6.998e-01 2.860e-01 1.969e-03 9.635e-04 5.687e-03 -1.000 1.423e-02 -2.087 2.841 0.907 -0.690 -1.658 -2.570 -3.747 -4.574 -4.783
0.013 -0.05655 9.95424 1.0559267998 2.4839132975    0.939  2.786  3.5707  0.859    7  0.000  0.460    27.16    17.72    11.98     9.37     7.61  2 -2.01e-08      0.00 6.998e-01 2.860e-01 1.962e-03 9.714e-04 5.687e-03 -1.000 1.423e-02 -2.196 2.859 0.904 -0.703 -1.698 -2.662 -3.868 -4.706 -4.922
0.013 -0.05655 9.95424 1.0559346676 2.4839147507    0.934  2.831  3.5659  0.793    7  0.000  0.459    31.16    19.95    13.42    10.51     8.54  2 -2.51e-08      0.00 6.998e-01 2.860e-01 1.956e-03 9.786e-04 5.687e-03 -1.000 1.423e-02 -2.307 2.873 0.916 -0.693 -1.721 -2.750 -3.993 -4.842 -5.066
0.013 -0.05655 9.95424 1.0559397936 2.4839156975    0.929  2.872  3.5614  0.732    7  0.000  0.457    35.35    22.24    14.88    11.67     9.49  2 -3.06e-08      0.00 6.998e-01 2.860e-01 1.951e-03 9.846e-04 5.687e-03 -1.000 1.423e-02 -2.409 2.886 0.933 -0.677 -1.738 -2.830 -4.108 -4.966 -5.197
0.013 -0.05655 9.95424 1.0559439659 2.4839164681    0.925  2.913  3.5565  0.669    7  0.000  0.456    40.30    24.90    16.57    13.02    10.59  2 -3.73e-08      0.00 6.998e-01 2.860e-01 1.947e-03 9.900e-04 5.687e-03 -1.000 1.423e-02 -2.513 2.900 0.969 -0.635 -1.736 -2.905 -4.226 -5.095 -5.333
0.013 -0.05655 9.95424 1.0559477806 2.4839171726    0.920  2.955  3.5515  0.605    7  0.000  0.456    46.07    27.93    18.50    14.56    11.84  2 -4.54e-08      0.00 6.998e-01 2.860e-01 1.944e-03 9.942e-04 5.687e-03 -1.000 1.423e-02 -2.619 2.914 1.016 -0.579 -1.726 -2.977 -4.346 -5.225 -5.472
0.013 -0.05655 9.95424 1.0559512377 2.4839178111    0.915  2.998  3.5464  0.539    7  0.000  0.455    52.76    31.38    20.67    16.31    13.26  2 -5.58e-08      0.00 6.998e-01 2.860e-01 1.941e-03 9.978e-04 5.687e-03 -1.000 1.423e-02 -2.724 2.927 1.084 -0.494 -1.698 -3.038 -4.468 -5.355 -5.611
0.013 -0.05655 9.95424 1.0559542179 2.4839183615    0.910  3.035  3.5416  0.481    7  0.000  0.454    59.60    34.84    22.84    18.05    14.68  2 -6.65e-08      0.00 6.998e-01 2.860e-01 1.939e-03 9.998e-04 5.687e-03 -1.000 1.423e-02 -2.817 2.942 1.158 -0.401 -1.661 -3.087 -4.576 -5.471 -5.735
0.013 -0.05655 9.95424 1.0559575558 2.4839189780    0.902  3.077  3.5361  0.413    7  0.000  0.454    68.59    39.30    25.61    20.29    16.50  1 -8.15e-08      0.00 6.998e-01 2.860e-01 1.938e-03 1.001e-03 5.687e-03 -1.000 1.423e-02 -2.922 2.962 1.275 -0.256 -1.596 -3.125 -4.699 -5.603 -5.876
0.013 -0.05655 9.95424 1.0559608936 2.4839195945    0.892  3.116  3.5306  0.347    7  0.000  0.454    78.59    44.14    28.61    22.71    18.48  1 -9.96e-08      0.00 6.998e-01 2.860e-01 1.938e-03 1.001e-03 5.687e-03 -1.000 1.423e-02 -3.020 2.984 1.402 -0.097 -1.521 -3.151 -4.816 -5.727 -6.010
0.013 -0.05655 9.95424 1.0559647083 2.4839202990    0.880  3.154  3.5250  0.280    7  0.000  0.454    90.22    49.63    31.99    25.45    20.71  1 -1.21e-07      0.00 6.998e-01 2.860e-01 1.938e-03 1.001e-03 5.687e-03 -1.000 1.423e-02 -3.115 3.010 1.575 0.116 -1.415 -3.140 -4.931 -5.847 -6.142
0.013 -0.05655 9.95424 1.0559681654 2.4839209375    0.865  3.200  3.5177  0.197    7  0.000  0.454   107.10    57.41    36.75    29.31    23.86  0 -1.54e-07      0.00 6.998e-01 2.860e-01 1.938e-03 1.001e-03 5.687e-03 -1.000 1.423e-02 -3.231 3.049 1.828 0.431 -1.251 -3.095 -5.071 -5.995 -6.305
0.013 -0.05655 9.95424 1.0559689999 2.4839210916    0.861  3.226  3.5139  0.155    7  0.000  0.454   117.09    61.94    39.51    31.56    25.69  0 -1.74e-07      0.00 6.998e-01 2.860e-01 1.938e-03 1.001e-03 5.687e-03 -1.000 1.423e-02 -3.294 3.067 1.981 0.628 -1.147 -3.049 -5.146 -6.075 -6.393
0.013 -0.05655 9.95424 1.0559694767 2.4839211797    0.858  3.236  3.5122  0.137    7  0.000  0.454   121.58    63.95    40.73    32.55    26.50  0 -1.82e-07      0.00 6.998e-01 2.860e-01 1.938e-03 1.001e-03 5.687e-03 -1.000 1.423e-02 -3.319 3.077 2.049 0.716 -1.099 -3.027 -5.177 -6.107 -6.428
0.013 -0.05655 9.95424 1.0559695959 2.4839212017    0.857  3.236  3.5120  0.135    7  0.000  0.454   121.95    64.11    40.83    32.63    26.57  0 -1.83e-07      0.00 6.998e-01 2.860e-01 1.938e-03 1.002e-03 5.687e-03 -1.000 1.422e-02 -3.321 3.078 2.056 0.724 -1.094 -3.024 -5.179 -6.109 -6.431
0.013 -0.05655 9.95424 1.0559697151 2.4839212237    0.857  3.229  3.5129  0.145    7  0.000  0.454   119.32    62.92    40.10    32.04    26.09  0 -1.78e-07      0.00 6.998e-01 2.860e-01 1.938e-03 1.002e-03 5.687e-03 -1.000 1.422e-02 -3.303 3.076 2.024 0.682 -1.115 -3.032 -5.159 -6.088 -6.408
0.013 -0.05655 9.95424 1.0559699535 2.4839212677    0.856  3.235  3.5120  0.135    7  0.000  0.454   121.89    64.07    40.80    32.61    26.55  0 -1.83e-07      0.00 6.998e-01 2.860e-01 1.938e-03 1.002e-03 5.687e-03 -1.000 1.422e-02 -3.318 3.081 2.062 0.731 -1.089 -3.020 -5.176 -6.107 -6.428
0.013 -0.05655 9.95424 1.0559701920 2.4839213118    0.855  3.240  3.5112  0.127    7  0.000  0.454   123.97    65.00    41.36    33.07    26.93  0 -1.88e-07      0.00 6.998e-01 2.860e-01 1.938e-03 1.002e-03 5.687e-03 -1.000 1.422e-02 -3.329 3.086 2.092 0.770 -1.068 -3.011 -5.190 -6.121 -6.445
0.013 -0.05655 9.95424 1.0559703112 2.4839213338    0.853  3.246  3.5102  0.116    7  0.000  0.454   126.81    66.26    42.13    33.69    27.44  0 -1.93e-07      0.00 6.998e-01 2.860e-01 1.938e-03 1.002e-03 5.687e-03 -1.000 1.422e-02 -3.344 3.092 2.135 0.825 -1.038 -2.996 -5.208 -6.141 -6.466
0.013 -0.05655 9.95424 1.0559705496 2.4839213778    0.852  3.242  3.5105  0.121    7  0.000  0.454   125.54    65.67    41.77    33.40    27.20  0  -1.9e-07      0.00 6.998e-01 2.860e-01 1.938e-03 1.002e-03 5.687e-03 -1.000 1.422e-02 -3.334 3.094 2.127 0.813 -1.042 -2.995 -5.197 -6.129 -6.454
0.013 -0.05655 9.95424 1.0559707880 2.4839214218    0.850  3.247  3.5095  0.111    7  0.000  0.454   128.23    66.86    42.49    33.99    27.68  0 -1.95e-07      0.00 6.998e-01 2.860e-01 1.938e-03 1.002e-03 5.687e-03 -1.000 1.422e-02 -3.347 3.100 2.165 0.862 -1.015 -2.981 -5.213 -6.146 -6.473
0.013 -0.05655 9.95424 1.0559711456 2.4839214879    0.847  3.292  3.5031  0.039    7  0.000  0.454   148.62    76.07    48.06    38.52    31.38  0 -2.36e-07      0.00 6.998e-01 2.860e-01 1.938e-03 1.002e-03 5.687e-03 -1.000 1.422e-02 -3.459 3.110 2.371 1.130 -0.878 -2.915 -5.347 -6.284 -6.623
0.013 -0.05655 9.95424 1.0559716225 2.4839215759    0.843  3.341  3.4958 -0.042    7  0.000  0.454   168.02    87.95    55.20    44.35    36.13  0 -2.95e-07      0.00 6.998e-01 2.860e-01 1.938e-03 1.002e-03 5.687e-03 -1.000 1.422e-02 -3.583 3.130 2.616 1.436 -0.715 -2.822 -5.492 -6.438 -6.791
0.013 -0.05655 9.95424 1.0559720993 2.4839216640    0.838  3.378  3.4900 -0.105    7  0.522  0.454   184.70    98.41    61.45    49.46    40.31  0 -3.49e-07      0.00 6.998e-01 2.860e-01 1.938e-03 1.002e-03 5.687e-03 -1.000 1.422e-02 -3.676 3.147 2.801 1.660 -0.593 -2.744 -5.603 -6.554 -6.918
0.013 -0.05655 9.95424 1.0559726954 2.4839217741    0.829  3.412  3.4842 -0.167    7  0.523  0.454   202.32   109.75    68.17    54.98    44.82  0 -4.11e-07      0.00 6.998e-01 2.860e-01 1.938e-03 1.002e-03 5.687e-03 -1.000 1.422e-02 -3.761 3.160 2.914 1.750 -0.542 -2.708 -5.706 -6.660 -7.034
0.013 -0.05655 9.95424 1.0559732914 2.4839218842    0.819  3.435  3.4803 -0.210    8  0.523  0.475   215.24   118.25    73.19    59.12    48.19  0 -4.65e-07      0.01 6.998e-01 2.872e-01 2.033e-03 1.003e-03 5.700e-03 -1.000 1.296e-02 -3.816 3.177 3.000 1.819 -0.501 -2.676 -5.773 -6.730 -7.111
0.013 -0.05655 9.95424 1.0559732914 2.4839218842    0.819  3.165  3.5153  0.199    8  0.523  0.475   105.72    56.43    36.10    28.85    23.48  0 -1.56e-07      0.00 6.998e-01 2.872e-01 2.033e-03 1.003e-03 5.700e-03 -1.000 1.296e-02 -3.143 3.162 2.037 0.676 -1.060 -2.939 -4.990 -5.918 -6.232
0.013 -0.05655 9.95424 1.0559734106 2.4839219062    0.818  3.036  3.5338  0.402    8  0.523  0.475    68.89    39.12    25.45    20.23    16.44  1 -9.18e-08      0.00 6.998e-01 2.872e-01 2.033e-03 1.003e-03 5.700e-03 -1.000 1.296e-02 -2.821 3.100 1.464 -0.049 -1.423 -2.994 -4.606 -5.513 -5.791
0.013 -0.05655 9.95424 1.0559734106 2.4839219062    0.817  2.872  3.5575  0.660    8  0.523  0.475    39.85    24.50    16.27    12.85    10.43  2 -4.56e-08      0.00 6.998e-01 2.872e-01 2.033e-03 1.003e-03 5.700e-03 -1.000 1.296e-02 -2.410 2.998 1.051 -0.560 -1.655 -2.807 -4.120 -4.986 -5.224
0.013 -0.05655 9.95424 1.0559735298 2.4839219282    0.816  2.896  3.5538  0.621    8  0.523  0.475    43.31    26.30    17.41    13.76    11.18  2  -5.1e-08      0.00 6.998e-01 2.872e-01 2.033e-03 1.003e-03 5.700e-03 -1.000 1.296e-02 -2.470 3.018 1.098 -0.505 -1.632 -2.844 -4.191 -5.065 -5.308
0.013 -0.05655 9.95424 1.0559736490 2.4839219502    0.814  3.023  3.5354  0.420    8  0.523  0.475    66.25    37.82    24.64    19.57    15.91  1  -8.8e-08      0.00 6.998e-01 2.872e-01 2.033e-03 1.003e-03 5.700e-03 -1.000 1.296e-02 -2.787 3.099 1.432 -0.091 -1.440 -2.981 -4.567 -5.472 -5.746
0.013 -0.05655 9.95424 1.0559738874 2.4839219942    0.812  3.182  3.5123  0.168    8  0.523  0.475   112.88    59.62    38.05    30.44    24.77  0 -1.71e-07      0.00 6.998e-01 2.872e-01 2.033e-03 1.003e-03 5.700e-03 -1.000 1.296e-02 -3.184 3.182 2.160 0.833 -0.974 -2.897 -5.040 -5.972 -6.291
0.013 -0.05655 9.95424 1.0559741259 2.4839220383    0.810  3.311  3.4935 -0.038    8  0.523  0.475   164.59    86.45    54.25    43.64    35.55  0  -2.9e-07      0.00 6.998e-01 2.872e-01 2.033e-03 1.003e-03 5.700e-03 -1.000 1.296e-02 -3.507 3.220 2.774 1.617 -0.565 -2.686 -5.423 -6.371 -6.727
0.013 -0.05655 9.95424 1.0559743643 2.4839220823    0.807  3.392  3.4815 -0.169    8  0.523  0.475   200.91   109.34    67.89    54.80    44.66  0 -4.04e-07      0.00 6.998e-01 2.872e-01 2.033e-03 1.003e-03 5.700e-03 -1.000 1.296e-02 -3.710 3.229 3.033 1.865 -0.437 -2.606 -5.662 -6.619 -6.996
0.013 -0.05655 9.95424 1.0559746027 2.4839221263    0.804  3.432  3.4755 -0.235    8  0.523  0.475   222.02   123.03    75.97    61.45    50.09  0 -4.79e-07      0.01 6.998e-01 2.872e-01 2.033e-03 1.003e-03 5.700e-03 -1.000 1.296e-02 -3.809 3.232 3.124 1.930 -0.407 -2.593 -5.779 -6.739 -7.125
0.013 -0.05655 9.95424 1.0559749603 2.4839221924    0.800  3.447  3.4729 -0.263    8  0.524  0.475   231.39   129.24    79.62    64.46    52.55  0 -5.15e-07      0.01 6.998e-01 2.872e-01 2.033e-03 1.003e-03 5.700e-03 -1.000 1.296e-02 -3.849 3.235 3.163 1.957 -0.393 -2.587 -5.826 -6.786 -7.176
0.013 -0.05655 9.95424 1.0559753180 2.4839222584    0.796  3.454  3.4717 -0.276    8  0.524  0.475   235.76   132.21    81.36    65.90    53.73  0 -5.36e-07      0.01 6.998e-01 2.872e-01 2.033e-03 1.003e-03 5.700e-03 -1.000 1.296e-02 -3.864 3.240 3.184 1.973 -0.383 -2.580 -5.844 -6.805 -7.197
0.013 -0.05655 9.95424 1.0559753180 2.4839222584    0.796  3.241  3.5024  0.060    8  0.524  0.475   140.53    72.03    45.56    36.57    29.77  0  -2.3e-07      0.00 6.998e-01 2.872e-01 2.033e-03 1.003e-03 5.700e-03 -1.000 1.296e-02 -3.331 3.224 2.513 1.286 -0.730 -2.772 -5.221 -6.160 -6.498
0.013 -0.05655 9.95424 1.0559754372 2.4839222805    0.795  3.060  3.5285  0.345    8  0.524  0.475    77.27    43.04    27.86    22.19    18.04  1  -1.1e-07      0.00 6.998e-01 2.872e-01 2.033e-03 1.003e-03 5.700e-03 -1.000 1.296e-02 -2.879 3.151 1.631 0.151 -1.308 -2.973 -4.682 -5.596 -5.883
0.013 -0.05655 9.95424 1.0559754372 2.4839222805    0.794  2.895  3.5523  0.604    8  0.524  0.475    44.62    26.93    17.80    14.09    11.44  2 -5.51e-08      0.00 6.998e-01 2.872e-01 2.033e-03 1.003e-03 5.700e-03 -1.000 1.296e-02 -2.467 3.056 1.148 -0.451 -1.592 -2.831 -4.193 -5.070 -5.316
0.013 -0.05655 9.95424 1.0559755564 2.4839223025    0.792  2.919  3.5487  0.565    8  0.524  0.475    48.47    28.90    19.04    15.08    12.25  1 -6.15e-08      0.00 6.998e-01 2.872e-01 2.033e-03 1.003e-03 5.700e-03 -1.000 1.296e-02 -2.528 3.074 1.200 -0.388 -1.565 -2.864 -4.264 -5.148 -5.399
0.013 -0.05655 9.95424 1.0559757948 2.4839223465    0.790  3.045  3.5305  0.365    8  0.524  0.475    73.97    41.44    26.86    21.40    17.39  1 -1.06e-07      0.00 6.998e-01 2.872e-01 2.033e-03 1.003e-03 5.700e-03 -1.000 1.296e-02 -2.842 3.150 1.580 0.087 -1.338 -2.970 -4.638 -5.550 -5.833
0.013 -0.05655 9.95424 1.0559759140 2.4839223685    0.788  3.202  3.5076  0.115    8  0.524  0.475   125.65    65.08    41.34    33.15    26.98  0 -2.03e-07      0.00 6.998e-01 2.872e-01 2.033e-03 1.003e-03 5.700e-03 -1.000 1.296e-02 -3.235 3.225 2.355 1.077 -0.833 -2.819 -5.107 -6.042 -6.371
0.013 -0.05655 9.95424 1.0559761524 2.4839224125    0.784  3.330  3.4889 -0.090    8  0.524  0.475   176.07    94.08    58.77    47.39    38.60  0 -3.44e-07      0.00 6.998e-01 2.872e-01 2.033e-03 1.003e-03 5.700e-03 -1.000 1.296e-02 -3.555 3.259 2.934 1.795 -0.457 -2.608 -5.485 -6.437 -6.802
0.013 -0.05655 9.95424 1.0559763908 2.4839224566    0.781  3.410  3.4771 -0.219    8  0.525  0.475   214.54   118.72    73.38    59.39    48.39  0 -4.78e-07      0.01 6.998e-01 2.872e-01 2.033e-03 1.003e-03 5.700e-03 -1.000 1.296e-02 -3.755 3.265 3.135 1.946 -0.383 -2.566 -5.720 -6.679 -7.063
0.013 -0.05655 9.95424 1.0559767485 2.4839225226    0.777  3.449  3.4712 -0.284    8  0.525  0.475   236.75   133.36    82.00    66.48    54.19  0 -5.66e-07      0.01 6.998e-01 2.872e-01 2.033e-03 1.003e-03 5.700e-03 -1.000 1.296e-02 -3.853 3.264 3.215 2.000 -0.360 -2.559 -5.835 -6.796 -7.189
0.013 -0.05655 9.95424 1.0559771061 2.4839225887    0.772  3.464  3.4688 -0.311    8  0.525  0.475   243.29    -1.00    -1.00    -1.00    -1.00  0 -6.11e-07      0.01 6.998e-01 2.872e-01 2.033e-03 1.003e-03 5.700e-03 -1.000 1.296e-02 -3.891 3.265 3.246 2.021 -0.350 -2.557 -5.879 -6.841 -7.238
0.013 -0.05655 9.95424 1.0559774637 2.4839226547    0.768  3.470  3.4677 -0.324    8  0.525  0.475   240.51    -1.00    -1.00    -1.00    -1.00  0 -6.37e-07      0.01 6.998e-01 2.872e-01 2.033e-03 1.003e-03 5.700e-03 -1.000 1.296e-02 -3.906 3.273 3.264 2.033 -0.344 -2.554 -5.896 -6.858 -7.257
0.013 -0.05655 9.95424 1.0559774637 2.4839226547    0.767  3.262  3.4981  0.006    8  0.525  0.475   150.80    78.75    49.56    39.89    32.47  0  -2.8e-07      0.00 6.998e-01 2.872e-01 2.033e-03 1.003e-03 5.700e-03 -1.000 1.296e-02 -3.384 3.266 2.687 1.497 -0.607 -2.693 -5.286 -6.230 -6.578
0.013 -0.05655 9.95424 1.0559775829 2.4839226767    0.766  3.081  3.5243  0.290    8  0.525  0.475    86.22    47.06    30.32    24.22    19.69  0 -1.35e-07      0.00 6.998e-01 2.872e-01 2.033e-03 1.003e-03 5.700e-03 -1.000 1.296e-02 -2.934 3.192 1.781 0.332 -1.210 -2.946 -4.751 -5.669 -5.965
0.013 -0.05655 9.95424 1.0559775829 2.4839226767    0.765  2.917  3.5483  0.550    8  0.525  0.475    49.64    29.41    19.35    15.35    12.46  1  -6.8e-08      0.00 6.998e-01 2.872e-01 2.033e-03 1.003e-03 5.700e-03 -1.000 1.296e-02 -2.522 3.097 1.223 -0.365 -1.547 -2.854 -4.260 -5.144 -5.397
0.013 -0.05655 9.95424 1.0559778214 2.4839227208    0.763  2.941  3.5448  0.511    8  0.525  0.475    53.92    31.55    20.69    16.43    13.35  1  -7.6e-08      0.00 6.998e-01 2.872e-01 2.033e-03 1.003e-03 5.700e-03 -1.000 1.296e-02 -2.582 3.114 1.285 -0.289 -1.512 -2.881 -4.331 -5.221 -5.479
0.013 -0.05655 9.95424 1.0559779406 2.4839227428    0.760  3.065  3.5266  0.312    8  0.526  0.475    82.18    45.14    29.13    23.26    18.91  0  -1.3e-07      0.00 6.998e-01 2.872e-01 2.033e-03 1.003e-03 5.700e-03 -1.000 1.296e-02 -2.893 3.188 1.713 0.245 -1.253 -2.950 -4.703 -5.618 -5.910
0.013 -0.05655 9.95424 1.0559781790 2.4839227868    0.757  3.221  3.5038  0.063    8  0.526  0.475   137.26    70.70    44.70    35.94    29.24  0 -2.48e-07      0.00 6.998e-01 2.872e-01 2.033e-03 1.003e-03 5.700e-03 -1.000 1.296e-02 -3.282 3.261 2.502 1.258 -0.732 -2.760 -5.167 -6.105 -6.442
0.013 -0.05655 9.95424 1.0559784174 2.4839228308    0.753  3.348  3.4852 -0.140    8  0.526  0.475   187.49   101.96    63.41    51.27    41.75  0 -4.18e-07      0.01 6.998e-01 2.872e-01 2.033e-03 1.003e-03 5.700e-03 -1.000 1.296e-02 -3.599 3.293 3.030 1.874 -0.408 -2.570 -5.540 -6.495 -6.866
0.013 -0.05655 9.95424 1.0559787750 2.4839228969    0.748  3.427  3.4735 -0.269    8  0.526  0.475   228.18   128.46    79.05    64.14    52.27  0 -5.81e-07      0.01 6.998e-01 2.872e-01 2.033e-03 1.003e-03 5.700e-03 -1.000 1.296e-02 -3.797 3.299 3.215 2.007 -0.345 -2.539 -5.771 -6.732 -7.123
0.013 -0.05655 9.95424 1.0559790134 2.4839229409    0.743  3.466  3.4677 -0.333    8  0.526  0.475   226.95    -1.00    -1.00    -1.00    -1.00  0  -6.9e-07      0.01 6.998e-01 2.872e-01 2.033e-03 1.003e-03 5.700e-03 -1.000 1.296e-02 -3.894 3.307 3.293 2.057 -0.325 -2.537 -5.883 -6.846 -7.246
0.013 -0.05655 9.95424 1.0559794903 2.4839230290    0.738  3.480  3.4655 -0.361    8  0.527  0.475   223.86    -1.00    -1.00    -1.00    -1.00  0 -7.49e-07      0.02 6.998e-01 2.872e-01 2.033e-03 1.003e-03 5.700e-03 -1.000 1.296e-02 -3.931 3.319 3.328 2.079 -0.316 -2.537 -5.926 -6.890 -7.294
0.013 -0.05655 9.95424 1.0559798479 2.4839230950    0.732  3.486  3.4646 -0.373    8  0.527  0.475   220.48    -1.00    -1.00    -1.00    -1.00  0 -7.85e-07      0.02 6.998e-01 2.872e-01 2.033e-03 1.003e-03 5.700e-03 -1.000 1.296e-02 -3.945 3.329 3.346 2.091 -0.310 -2.535 -5.941 -6.906 -7.312
0.013 -0.05655 9.95424 1.0559798479 2.4839230950    0.731  3.283  3.4947 -0.050    8  0.527  0.475   161.53    86.04    53.88    43.50    35.41  0 -3.54e-07      0.00 6.998e-01 2.872e-01 2.033e-03 1.003e-03 5.700e-03 -1.000 1.296e-02 -3.438 3.299 2.814 1.642 -0.528 -2.643 -5.349 -6.297 -6.652
0.013 -0.05655 9.95424 1.0559799671 2.4839231171    0.730  3.104  3.5212  0.235    8  0.527  0.475    96.27    51.40    32.94    26.39    21.45  0 -1.72e-07      0.00 6.998e-01 2.872e-01 2.033e-03 1.003e-03 5.700e-03 -1.000 1.296e-02 -2.989 3.222 1.887 0.453 -1.151 -2.940 -4.817 -5.738 -6.041
0.013 -0.05655 9.95424 1.0559800863 2.4839231391    0.728  2.939  3.5456  0.496    8  0.527  0.475    55.16    32.03    20.97    16.69    13.55  1 -8.73e-08      0.00 6.998e-01 2.872e-01 2.033e-03 1.003e-03 5.700e-03 -1.000 1.296e-02 -2.578 3.120 1.267 -0.316 -1.531 -2.885 -4.324 -5.212 -5.470
0.013 -0.05655 9.95424 1.0559802055 2.4839231611    0.726  2.963  3.5421  0.456    8  0.527  0.475    59.96    34.37    22.43    17.87    14.51  1 -9.78e-08      0.00 6.998e-01 2.872e-01 2.033e-03 1.003e-03 5.700e-03 -1.000 1.296e-02 -2.638 3.137 1.332 -0.237 -1.494 -2.912 -4.396 -5.289 -5.553
0.013 -0.05655 9.95424 1.0559803247 2.4839231831    0.722  3.086  3.5240  0.258    8  0.527  0.475    91.35    49.10    31.52    25.25    20.52  0 -1.66e-07      0.00 6.998e-01 2.872e-01 2.033e-03 1.003e-03 5.700e-03 -1.000 1.296e-02 -2.946 3.213 1.799 0.344 -1.208 -2.951 -4.765 -5.682 -5.980
0.013 -0.05655 9.95424 1.0559805632 2.4839232271    0.718  3.240  3.5012  0.011    8  0.528  0.475   146.07    76.71    48.27    38.93    31.67  0 -3.16e-07      0.00 6.998e-01 2.872e-01 2.033e-03 1.003e-03 5.700e-03 -1.000 1.296e-02 -3.331 3.293 2.615 1.392 -0.662 -2.724 -5.222 -6.163 -6.507
0.013 -0.05655 9.95424 1.0559809208 2.4839232932    0.714  3.366  3.4826 -0.192    8  0.528  0.475   199.33   110.44    68.35    55.44    45.14  0  -5.3e-07      0.01 6.998e-01 2.872e-01 2.033e-03 1.003e-03 5.700e-03 -1.000 1.296e-02 -3.644 3.330 3.107 1.931 -0.378 -2.549 -5.592 -6.548 -6.927
0.013 -0.05655 9.95424 1.0559812784 2.4839233592    0.708  3.444  3.4710 -0.320    8  0.528  0.475   208.02    -1.00    -1.00    -1.00    -1.00  0 -7.39e-07      0.02 6.998e-01 2.872e-01 2.033e-03 1.003e-03 5.700e-03 -1.000 1.296e-02 -3.841 3.347 3.288 2.055 -0.319 -2.525 -5.819 -6.782 -7.180
0.013 -0.05655 9.95424 1.0559816360 2.4839234253    0.702  3.483  3.4654 -0.385    8  0.528  0.475   204.81    -1.00    -1.00    -1.00    -1.00  0 -8.82e-07      0.02 6.998e-01 2.872e-01 2.033e-03 1.003e-03 5.700e-03 -1.000 1.296e-02 -3.937 3.366 3.367 2.104 -0.302 -2.528 -5.929 -6.895 -7.302
0.013 -0.05655 9.95424 1.0559819937 2.4839234913    0.696  3.498  3.4634 -0.412    8  0.529  0.475   201.26    -1.00    -1.00    -1.00    -1.00  0 -9.64e-07      0.02 6.998e-01 2.872e-01 2.033e-03 1.003e-03 5.700e-03 -1.000 1.296e-02 -3.974 3.389 3.406 2.128 -0.292 -2.527 -5.970 -6.937 -7.350
0.013 -0.05655 9.95424 1.0559824705 2.4839235794    0.688  3.503  3.4628 -0.425    8  0.529  0.475   197.41    -1.00    -1.00    -1.00    -1.00  0 -1.02e-06      0.03 6.998e-01 2.872e-01 2.033e-03 1.003e-03 5.700e-03 -1.000 1.296e-02 -3.989 3.406 3.424 2.139 -0.289 -2.528 -5.984 -6.952 -7.368
0.013 -0.05655 9.95424 1.0559866428 2.4839243499    0.532 -9.999  4.0000  1.840    9  0.533  0.000     0.00     0.00     0.00     0.00     0.00 -1    -1e-30      0.00 6.998e-01 2.872e-01 2.033e-03 1.003e-03 5.700e-03 -1.000 1.296e-02 29.767 29.725 29.988 30.036 30.024 30.021 30.069 30.067 30.084
#isochrone terminated
